20	-797.252	135	9.57557	0.264565	0.715995	9.5451
20	-796.252	135	9.60631	0.26915	1.03474	9.54663
20	-795.252	135	9.64815	0.275449	1.35402	9.5487
20	-794.252	135	9.70103	0.283504	1.67402	9.5513
20	-793.252	135	9.76487	0.293364	1.9949	9.55442
20	-792.252	135	9.83958	0.305092	2.31682	9.55807
20	-791.252	135	9.92506	0.318765	2.63996	9.56221
20	-790.252	135	10.0212	0.334468	2.96449	9.56685
20	-789.252	135	10.1279	0.352302	3.29059	9.57195
20	-788.252	135	10.245	0.372381	3.61841	9.57752
20	-787.252	135	10.3724	0.394832	3.94815	9.58352
20	-786.252	135	10.51	0.419798	4.27996	9.58993
20	-785.252	135	10.6577	0.447439	4.61404	9.59674
20	-784.252	135	10.8153	0.477932	4.95055	9.60392
20	-783.252	135	10.9828	0.511469	5.28967	9.61143
20	-782.252	135	11.16	0.548265	5.63158	9.61926
20	-781.252	135	11.3468	0.588555	5.97647	9.62736
20	-780.252	135	11.5432	0.632595	6.32451	9.63571
20	-779.252	135	11.7491	0.680666	6.67588	9.64426
20	-778.252	135	11.9645	0.733075	7.03078	9.65299
20	-777.252	135	12.1893	0.790155	7.38939	9.66184
20	-776.252	135	12.4234	0.85227	7.75189	9.67078
20	-775.252	135	12.667	0.919817	8.11846	9.67975
20	-774.252	135	12.92	0.993225	8.48932	9.68871
20	-773.252	135	13.1824	1.07296	8.86463	9.69761
20	-772.252	135	13.4544	1.15954	9.24459	9.70639
20	-771.252	135	13.736	1.25351	9.62941	9.71499
20	-770.252	135	14.0273	1.35546	10.0193	9.72335
20	-769.252	135	14.3286	1.46606	10.4144	9.73141
20	-768.252	135	14.6399	1.586	10.8149	9.73909
20	-767.252	135	14.9615	1.71604	11.221	9.74632
20	-766.252	135	15.2937	1.85703	11.633	9.75303
20	-765.252	135	15.6367	2.00985	12.051	9.75914
20	-764.252	135	15.991	2.17547	12.4752	9.76456
20	-763.252	135	16.3568	2.35497	12.9059	9.7692
20	-762.252	135	16.7347	2.54946	13.3431	9.77296
20	-761.252	135	17.1252	2.76021	13.7872	9.77576
20	-760.252	135	17.5288	2.98854	14.2383	9.77748
20	-759.252	135	17.9463	3.23591	14.6965	9.77802
20	-758.252	135	18.3783	3.50389	15.1621	9.77727
20	-757.252	135	18.8258	3.79419	15.6353	9.77509
20	-756.252	135	19.2898	4.10866	16.1163	9.77138
20	-755.252	135	19.7712	4.44928	16.6051	9.76599
20	-754.252	135	20.2714	4.81823	17.102	9.75879
20	-753.252	135	20.7917	5.21785	17.6072	9.74964
20	-752.252	135	21.3337	5.65067	18.1207	9.73838
20	-751.252	135	21.8991	6.11944	18.6428	9.72485
20	-750.252	135	22.4901	6.62714	19.1734	9.7089
20	-749.252	135	23.1086	7.17697	19.7129	9.69035
20	-748.252	135	23.7574	7.77243	20.2611	9.66902
20	-747.252	135	24.4391	8.41728	20.8183	9.64473
20	-746.252	135	25.157	9.11559	21.3843	9.61728
20	-745.252	135	25.9146	9.8718	21.9594	9.58646
20	-744.252	135	26.7158	10.6907	22.5433	9.55208
20	-743.252	135	27.565	11.5774	23.1362	9.51391
20	-742.252	135	28.4673	12.5376	23.7378	9.47172
20	-741.252	135	29.4279	13.5772	24.348	9.42529
20	-740.252	135	30.4531	14.7029	24.9667	9.37437
20	-739.252	135	31.5495	15.9218	25.5936	9.31872
20	-738.252	135	32.7247	17.2416	26.2283	9.25809
20	-737.252	135	33.9868	18.6706	26.8704	9.19221
20	-736.252	135	35.345	20.2177	27.5195	9.12081
20	-735.252	135	36.8092	21.8929	28.175	9.04363
20	-734.252	135	38.3903	23.7066	28.8361	8.96039
20	-733.252	135	40.1003	25.6705	29.502	8.87082
20	-732.252	135	41.9523	27.7969	30.1717	8.77463
20	-731.252	135	43.9605	30.0993	30.8441	8.67154
20	-730.252	135	46.1405	32.5925	31.5179	8.56129
20	-729.252	135	48.5091	35.2924	32.1914	8.44359
20	-728.252	135	51.0847	38.2163	32.8629	8.31819
20	-727.252	135	53.8873	41.3832	33.5303	8.18481
20	-726.252	135	56.9385	44.8137	34.1912	8.04323
20	-725.252	135	60.2619	48.53	34.8429	7.89321
20	-724.252	135	63.883	52.5568	35.4823	7.73454
20	-723.252	135	67.8296	56.9208	36.1056	7.56705
20	-722.252	135	72.1321	61.6513	36.7087	7.39058
20	-721.252	135	76.8233	66.7802	37.2868	7.20503
20	-720.252	135	81.9392	72.3427	37.8342	7.01032
20	-719.252	135	87.519	78.377	38.3445	6.80643
20	-718.252	135	93.6054	84.9251	38.8101	6.59341
20	-717.252	135	100.245	92.0327	39.2223	6.37137
20	-716.252	135	107.487	99.7495	39.5709	6.1405
20	-715.252	135	115.387	108.129	39.8437	5.90109
20	-714.252	135	124.002	117.228	40.0268	5.65354
20	-713.252	135	133.393	127.107	40.1035	5.39835
20	-712.252	135	143.62	137.826	40.0542	5.13618
20	-711.252	135	154.745	149.445	39.856	4.86784
20	-710.252	135	166.823	162.018	39.4817	4.59434
20	-709.252	135	179.896	175.586	38.9	4.31688
20	-708.252	135	193.987	190.171	38.075	4.03686
20	-707.252	135	209.084	205.756	36.9665	3.75597
20	-706.252	135	225.129	222.28	35.531	3.47611
20	-705.252	135	241.992	239.61	33.724	3.19946
20	-704.252	135	259.464	257.528	31.5042	2.92841
20	-703.252	135	277.239	275.722	28.8388	2.6655
20	-702.252	135	294.925	293.792	25.7108	2.41332
20	-701.252	135	312.072	311.279	22.1267	2.17435
20	-700.252	135	328.238	327.731	18.121	1.95077
20	-699.252	135	343.062	342.782	13.7568	1.74427
20	-698.252	135	356.339	356.219	9.12022	1.5559
20	-697.252	135	368.043	368.015	4.31282	1.38605
20	-696.252	135	378.309	378.306	-0.554162	1.23446
20	-695.252	135	387.375	387.336	-5.36044	1.10037
20	-694.252	135	395.521	395.394	-9.97456	0.982649
20	-693.252	135	403.005	402.752	-14.2541	0.879956
20	-692.252	135	410.016	409.618	-18.0544	0.790845
20	-691.252	135	416.651	416.108	-21.2503	0.713867
20	-690.252	135	422.914	422.245	-23.7662	0.647632
20	-689.252	135	428.754	427.988	-25.6022	0.59084
20	-688.252	135	434.117	433.287	-26.8378	0.54231
20	-687.252	135	438.989	438.12	-27.6063	0.500976
20	-686.252	135	443.41	442.521	-28.0551	0.465895
20	-685.252	135	447.463	446.566	-28.3086	0.436233
20	-684.252	135	451.253	450.356	-28.4461	0.411263
20	-683.252	135	454.879	453.985	-28.4958	0.390349
20	-682.252	135	458.406	457.523	-28.4437	0.372939
20	-681.252	135	461.858	460.992	-28.2542	0.358556
20	-680.252	135	465.209	464.372	-27.8975	0.346785
20	-679.252	135	468.411	467.61	-27.3734	0.33727
20	-678.252	135	471.416	470.658	-26.7188	0.329704
20	-677.252	135	474.202	473.488	-25.9976	0.323821
20	-676.252	135	476.784	476.113	-25.2786	0.319393
20	-675.252	135	479.206	478.573	-24.616	0.316223
20	-674.252	135	481.525	480.925	-24.0363	0.314144
20	-673.252	135	483.796	483.224	-23.5357	0.313011
20	-672.252	135	486.057	485.508	-23.0859	0.312698
20	-671.252	135	488.316	487.79	-22.6478	0.313101
20	-670.252	135	490.555	490.053	-22.1887	0.314127
20	-669.252	135	492.741	492.263	-21.6972	0.315698
20	-668.252	135	494.843	494.389	-21.1874	0.317746
20	-667.252	135	496.85	496.419	-20.6907	0.320216
20	-666.252	135	498.777	498.366	-20.2402	0.323057
20	-665.252	135	500.657	500.263	-19.8565	0.326228
20	-664.252	135	502.532	502.152	-19.5382	0.329693
20	-663.252	135	504.437	504.069	-19.2605	0.333421
20	-662.252	135	506.389	506.033	-18.9808	0.337387
20	-661.252	135	508.376	508.033	-18.6511	0.341568
20	-660.252	135	510.36	510.034	-18.2344	0.345946
20	-659.252	135	512.287	511.981	-17.7189	0.350505
20	-658.252	135	514.109	513.824	-17.122	0.355232
20	-657.252	135	515.796	515.532	-16.4824	0.360115
20	-656.252	135	517.343	517.101	-15.8458	0.365146
20	-655.252	135	518.769	518.545	-15.2507	0.370315
20	-654.252	135	520.104	519.895	-14.7204	0.375618
20	-653.252	135	521.379	521.184	-14.2607	0.381049
20	-652.252	135	522.619	522.435	-13.8626	0.386603
20	-651.252	135	523.835	523.661	-13.5098	0.392279
20	-650.252	135	525.024	524.858	-13.188	0.398073
20	-649.252	135	526.173	526.015	-12.8927	0.403984
20	-648.252	135	527.271	527.12	-12.6322	0.410012
20	-647.252	135	528.317	528.171	-12.4235	0.416155
20	-646.252	135	529.32	529.177	-12.2852	0.422414
20	-645.252	135	530.299	530.158	-12.2299	0.428789
20	-644.252	135	531.279	531.138	-12.2606	0.435282
20	-643.252	135	532.282	532.138	-12.369	0.441894
20	-642.252	135	533.319	533.171	-12.5393	0.448627
20	-641.252	135	534.39	534.237	-12.7537	0.455481
20	-640.252	135	535.482	535.324	-13.0009	0.462461
20	-639.252	135	536.576	536.411	-13.2829	0.469568
20	-638.252	135	537.655	537.483	-13.6168	0.476805
20	-637.252	135	538.717	538.534	-14.0303	0.484174
20	-636.252	135	539.771	539.575	-14.5539	0.491678
20	-635.252	135	540.843	540.629	-15.2136	0.499321
20	-634.252	135	541.963	541.726	-16.026	0.507105
20	-633.252	135	543.165	542.899	-16.9974	0.515034
20	-632.252	135	544.477	544.175	-18.1257	0.52311
20	-631.252	135	545.921	545.576	-19.4062	0.531337
20	-630.252	135	547.512	547.115	-20.8376	0.539718
20	-629.252	135	549.265	548.806	-22.4269	0.548255
20	-628.252	135	551.207	550.676	-24.1875	0.556951
20	-627.252	135	553.385	552.768	-26.131	0.565809
20	-626.252	135	555.862	555.143	-28.2537	0.574832
20	-625.252	135	558.709	557.874	-30.5243	0.58402
20	-624.252	135	561.991	561.028	-32.8763	0.593378
20	-623.252	135	565.743	564.646	-35.2087	0.602906
20	-622.252	135	569.949	568.72	-37.399	0.612607
20	-621.252	135	574.532	573.184	-39.3292	0.622482
20	-620.252	135	579.357	577.91	-40.9208	0.632533
20	-619.252	135	584.27	582.746	-42.1636	0.642761
20	-618.252	135	589.142	587.561	-43.1213	0.653167
20	-617.252	135	593.908	592.282	-43.9052	0.663753
20	-616.252	135	598.578	596.911	-44.6338	0.674521
20	-615.252	135	603.219	601.508	-45.3937	0.685471
20	-614.252	135	607.925	606.165	-46.2166	0.696605
20	-613.252	135	612.778	610.967	-47.0738	0.707926
20	-612.252	135	617.818	615.959	-47.8903	0.719434
20	-611.252	135	623.02	621.123	-48.5756	0.731131
20	-610.252	135	628.299	626.38	-49.0633	0.743021
20	-609.252	135	633.539	631.614	-49.3455	0.755106
20	-608.252	135	638.646	636.726	-49.4819	0.767389
20	-607.252	135	643.581	641.668	-49.5767	0.779873
20	-606.252	135	648.372	646.461	-49.7397	0.792561
20	-605.252	135	653.1	651.179	-50.0491	0.80546
20	-604.252	135	657.87	655.926	-50.529	0.818572
20	-603.252	135	662.772	660.796	-51.1446	0.831903
20	-602.252	135	667.852	665.839	-51.8163	0.84546
20	-601.252	135	673.09	671.042	-52.4508	0.859249
20	-600.252	135	678.403	676.331	-52.981	0.873277
20	-599.252	135	683.682	681.593	-53.4006	0.887551
20	-598.252	135	688.832	686.73	-53.7726	0.902082
20	-597.252	135	693.819	691.697	-54.2073	0.916877
20	-596.252	135	698.673	696.518	-54.8227	0.931947
20	-595.252	135	703.48	701.27	-55.7082	0.947304
20	-594.252	135	708.35	706.061	-56.902	0.962959
20	-593.252	135	713.38	710.986	-58.3865	0.978925
20	-592.252	135	718.622	716.104	-60.1032	0.995215
20	-591.252	135	724.067	721.408	-61.9838	1.01184
20	-590.252	135	729.645	726.833	-63.9909	1.02883
20	-589.252	135	735.263	732.28	-66.1525	1.04618
20	-588.252	135	740.85	737.669	-68.5721	1.06392
20	-587.252	135	746.403	742.979	-71.4055	1.08207
20	-586.252	135	751.998	748.265	-74.823	1.10063
20	-585.252	135	757.778	753.651	-78.9717	1.11964
20	-584.252	135	763.927	759.299	-83.9525	1.13911
20	-583.252	135	770.638	765.386	-89.8138	1.15906
20	-582.252	135	778.086	772.07	-96.562	1.17951
20	-581.252	135	786.414	779.481	-104.187	1.20048
20	-580.252	135	795.741	787.72	-112.694	1.22198
20	-579.252	135	806.207	796.903	-122.119	1.24405
20	-578.252	135	818.014	807.206	-132.525	1.26669
20	-577.252	135	831.458	818.903	-143.944	1.28993
20	-576.252	135	846.912	832.361	-156.312	1.31379
20	-575.252	135	864.749	847.994	-169.397	1.33829
20	-574.252	135	885.243	866.172	-182.759	1.36345
20	-573.252	135	908.438	887.094	-195.757	1.38928
20	-572.252	135	934.037	910.667	-207.628	1.41582
20	-571.252	135	961.372	936.411	-217.643	1.44307
20	-570.252	135	989.49	963.493	-225.321	1.47107
20	-569.252	135	1017.38	990.898	-230.61	1.49984
20	-568.252	135	1044.26	1017.72	-233.921	1.52941
20	-567.252	135	1069.76	1043.41	-235.989	1.5598
20	-566.252	135	1093.95	1067.83	-237.637	1.59105
20	-565.252	135	1117.22	1091.23	-239.557	1.62319
20	-564.252	135	1140.09	1114.07	-242.181	1.65625
20	-563.252	135	1163.07	1136.83	-245.641	1.69029
20	-562.252	135	1186.49	1159.89	-249.833	1.72533
20	-561.252	135	1210.44	1183.37	-254.54	1.76144
20	-560.252	135	1234.75	1207.15	-259.612	1.79867
20	-559.252	135	1259.21	1230.98	-265.105	1.83707
20	-558.252	135	1283.69	1254.69	-271.318	1.8767
20	-557.252	135	1308.34	1278.31	-278.704	1.91763
20	-556.252	135	1333.58	1302.18	-287.701	1.95994
20	-555.252	135	1360.02	1326.83	-298.58	2.0037
20	-554.252	135	1388.29	1352.93	-311.339	2.049
20	-553.252	135	1418.93	1381.04	-325.695	2.09592
20	-552.252	135	1452.16	1411.51	-341.155	2.14456
20	-551.252	135	1487.86	1444.35	-357.183	2.19502
20	-550.252	135	1525.66	1479.26	-373.411	2.24741
20	-549.252	135	1565.13	1515.81	-389.809	2.30186
20	-548.252	135	1606.09	1553.75	-406.693	2.35847
20	-547.252	135	1648.81	1593.21	-424.541	2.41741
20	-546.252	135	1693.94	1634.79	-443.702	2.4788
20	-545.252	135	1742.35	1679.39	-464.12	2.54281
20	-544.252	135	1794.76	1727.94	-485.166	2.60961
20	-543.252	135	1851.43	1781.04	-505.635	2.6794
20	-542.252	135	1911.81	1838.61	-523.936	2.75237
20	-541.252	135	1974.47	1899.62	-538.493	2.82874
20	-540.252	135	2037.31	1962.15	-548.275	2.90875
20	-539.252	135	2098.04	2023.78	-553.259	2.99266
20	-538.252	135	2154.83	2082.25	-554.557	3.08075
20	-537.252	135	2206.74	2136.03	-554.137	3.17332
20	-536.252	135	2253.8	2184.57	-554.316	3.27067
20	-535.252	135	2296.77	2228.12	-557.31	3.37314
20	-534.252	135	2336.87	2267.55	-564.951	3.48109
20	-533.252	135	2375.48	2303.93	-578.604	3.59488
20	-532.252	135	2413.88	2338.31	-599.255	3.71488
20	-531.252	135	2453.21	2371.54	-627.696	3.84148
20	-530.252	135	2494.44	2404.22	-664.77	3.97506
20	-529.252	135	2538.61	2436.84	-711.576	4.11597
20	-528.252	135	2587.1	2469.98	-769.562	4.26457
20	-527.252	135	2641.83	2504.57	-840.482	4.42117
20	-526.252	135	2705.44	2541.94	-926.252	4.58603
20	-525.252	135	2781.2	2583.91	-1028.82	4.75936
20	-524.252	135	2872.96	2632.73	-1150.04	4.94128
20	-523.252	135	2984.99	2691.04	-1291.68	5.1318
20	-522.252	135	3121.86	2761.88	-1455.33	5.33082
20	-521.252	135	3288.34	2848.72	-1642.54	5.53808
20	-520.252	135	3489.41	2955.67	-1854.71	5.75314
20	-519.252	135	3730.34	3087.86	-2092.98	5.9754
20	-518.252	135	4016.55	3251.73	-2357.73	6.20398
20	-517.252	135	4353.09	3455.27	-2647.72	6.43782
20	-516.252	135	4743.66	3707.59	-2959.07	6.67557
20	-515.252	135	5189.39	4017.95	-3284.17	6.91567
20	-514.252	135	5687.48	4394.03	-3611.08	7.1563
20	-513.252	135	6230.26	4839.46	-3923.74	7.39543
20	-512.252	135	6804.9	5351.23	-4203.68	7.6309
20	-511.252	135	7394.43	5917.96	-4433.44	7.86047
20	-510.252	135	7980.39	6520.46	-4601.1	8.08196
20	-509.252	135	8546.89	7135.88	-4704.1	8.29336
20	-508.252	135	9084.65	7743.98	-4749.89	8.49303
20	-507.252	135	9592.53	8332.45	-4752.56	8.67986
20	-506.252	135	10076.3	8898.55	-4727.36	8.85348
20	-505.252	135	10545.7	9447.51	-4685.68	9.01439
20	-504.252	135	11010.3	9988.6	-4631.99	9.16412
20	-503.252	135	11476.7	10530.6	-4563.07	9.30525
20	-502.252	135	11945.2	11077.5	-4469.71	9.44134
20	-501.252	135	12409.2	11625.4	-4340.35	9.57682
20	-500.252	135	12856.4	12162.8	-4165.86	9.7167
20	-499.252	135	13272.2	12672.7	-3943.86	9.86619
20	-498.252	135	13644.3	13138.6	-3680.2	10.0304
20	-497.252	135	13965.9	13548.9	-3387.1	10.214
20	-496.252	135	14235.6	13898.6	-3079.48	10.4206
20	-495.252	135	14456.9	14188.7	-2771.55	10.6531
20	-494.252	135	14635.7	14424.9	-2474.66	10.9129
20	-493.252	135	14779	14614.8	-2196.59	11.2005
20	-492.252	135	14893.6	14766.5	-1941.72	11.5152
20	-491.252	135	14985.7	14887.6	-1711.8	11.8555
20	-490.252	135	15060.1	14984.5	-1506.77	12.2189
20	-489.252	135	15120.5	15062.3	-1325.6	12.6029
20	-488.252	135	15170	15125.1	-1166.77	13.0043
20	-487.252	135	15211.1	15176.3	-1028.62	13.4202
20	-486.252	135	15245.9	15218.8	-909.364	13.8476
20	-485.252	135	15276.2	15254.9	-807.158	14.2836
20	-484.252	135	15303.6	15286.7	-720.057	14.7258
20	-483.252	135	15329.3	15315.7	-646.055	15.1718
20	-482.252	135	15354.2	15343.1	-583.156	15.6198
20	-481.252	135	15378.7	15369.6	-529.491	16.0679
20	-480.252	135	15402.9	15395.3	-483.464	16.5147
20	-479.252	135	15426.6	15420.2	-443.871	16.959
20	-478.252	135	15449.9	15444.4	-409.902	17.3995
20	-477.252	135	15472.6	15467.9	-381.03	17.8354
20	-476.252	135	15495.2	15491.1	-356.818	18.2658
20	-475.252	135	15518.1	15514.5	-336.743	18.6899
20	-474.252	135	15541.9	15538.6	-320.088	19.107
20	-473.252	135	15566.9	15563.9	-305.908	19.5162
20	-472.252	135	15593.3	15590.5	-293.111	19.9168
20	-471.252	135	15620.6	15618	-280.62	20.3077
20	-470.252	135	15648.2	15645.9	-267.6	20.6883
20	-469.252	135	15675.1	15673.1	-253.656	21.0574
20	-468.252	135	15700.5	15698.7	-238.882	21.4145
20	-467.252	135	15723.8	15722.2	-223.739	21.7587
20	-466.252	135	15744.7	15743.3	-208.829	22.0896
20	-465.252	135	15763.5	15762.3	-194.694	22.4069
20	-464.252	135	15780.4	15779.4	-181.69	22.7105
20	-463.252	135	15796	15795	-169.942	23.0005
20	-462.252	135	15810.5	15809.7	-159.381	23.2773
20	-461.252	135	15824.2	15823.5	-149.817	23.5412
20	-460.252	135	15837.3	15836.6	-141.052	23.7927
20	-459.252	135	15849.6	15849	-132.963	24.0326
20	-458.252	135	15861.1	15860.6	-125.543	24.2613
20	-457.252	135	15871.9	15871.4	-118.864	24.4797
20	-456.252	135	15882	15881.6	-113.009	24.6883
20	-455.252	135	15891.8	15891.4	-108.002	24.8877
20	-454.252	135	15901.4	15901.1	-103.762	25.0787
20	-453.252	135	15911.1	15910.8	-100.099	25.2616
20	-452.252	135	15920.9	15920.6	-96.7425	25.437
20	-451.252	135	15930.9	15930.6	-93.3994	25.6052
20	-450.252	135	15940.8	15940.6	-89.8392	25.7665
20	-449.252	135	15950.4	15950.2	-85.9626	25.9213
20	-448.252	135	15959.5	15959.3	-81.8225	26.0698
20	-447.252	135	15967.8	15967.6	-77.5838	26.2121
20	-446.252	135	15975.4	15975.3	-73.4504	26.3486
20	-445.252	135	15982.4	15982.2	-69.5975	26.4795
20	-444.252	135	15988.8	15988.6	-66.1289	26.605
20	-443.252	135	15994.8	15994.7	-63.0653	26.7255
20	-442.252	135	16000.6	16000.5	-60.357	26.8412
20	-441.252	135	16006.3	16006.1	-57.918	26.9525
20	-440.252	135	16011.7	16011.6	-55.6682	27.0596
20	-439.252	135	16017	16016.9	-53.5707	27.1629
20	-438.252	135	16022	16021.9	-51.6444	27.2628
20	-437.252	135	16026.7	16026.6	-49.9467	27.3595
20	-436.252	135	16031.2	16031.1	-48.5409	27.4533
20	-435.252	135	16035.6	16035.5	-47.4636	27.5445
20	-434.252	135	16040	16039.9	-46.705	27.6334
20	-433.252	135	16044.4	16044.3	-46.2051	27.7203
20	-432.252	135	16049	16048.9	-45.8657	27.8053
20	-431.252	135	16053.7	16053.6	-45.578	27.8886
20	-430.252	135	16058.5	16058.4	-45.2582	27.9705
20	-429.252	135	16063.3	16063.2	-44.8775	28.0511
20	-428.252	135	16068	16067.9	-44.469	28.1305
20	-427.252	135	16072.6	16072.5	-44.1069	28.2088
20	-426.252	135	16077	16076.9	-43.8696	28.2861
20	-425.252	135	16081.5	16081.4	-43.8057	28.3626
20	-424.252	135	16086	16085.9	-43.9126	28.4382
20	-423.252	135	16090.6	16090.5	-44.1321	28.5131
20	-422.252	135	16095.5	16095.4	-44.3645	28.5872
20	-421.252	135	16100.6	16100.5	-44.4977	28.6606
20	-420.252	135	16105.7	16105.6	-44.447	28.7333
20	-419.252	135	16110.8	16110.8	-44.1879	28.8052
20	-418.252	135	16115.9	16115.8	-43.7643	28.8764
20	-417.252	135	16120.7	16120.6	-43.2654	28.9467
20	-416.252	135	16125.4	16125.3	-42.7853	29.0162
20	-415.252	135	16130	16129.9	-42.3863	29.0847
20	-414.252	135	16134.6	16134.5	-42.0757	29.1523
20	-413.252	135	16139.3	16139.2	-41.8005	29.2188
20	-412.252	135	16144.1	16144	-41.4625	29.2842
20	-411.252	135	16149	16148.9	-40.9485	29.3484
20	-410.252	135	16154	16153.9	-40.172	29.4114
20	-409.252	135	16158.8	16158.7	-39.1077	29.473
20	-408.252	135	16163.3	16163.2	-37.8029	29.5331
20	-407.252	135	16167.5	16167.5	-36.3569	29.5918
20	-406.252	135	16171.4	16171.3	-34.885	29.6489
20	-405.252	135	16175	16174.9	-33.4844	29.7044
20	-404.252	135	16178.3	16178.2	-32.2133	29.7584
20	-403.252	135	16181.5	16181.4	-31.0848	29.8108
20	-402.252	135	16184.6	16184.5	-30.0749	29.8617
20	-401.252	135	16187.6	16187.5	-29.1403	29.9113
20	-400.252	135	16190.6	16190.5	-28.2417	29.9594
20	-399.252	135	16193.4	16193.4	-27.364	30.0062
20	-398.252	135	16196.1	16196.1	-26.5225	30.0519
20	-397.252	135	16198.7	16198.7	-25.7535	30.0964
20	-396.252	135	16201.2	16201.1	-25.096	30.1398
20	-395.252	135	16203.6	16203.5	-24.5731	30.1823
20	-394.252	135	16206	16205.9	-24.1813	30.2239
20	-393.252	135	16208.4	16208.3	-23.8887	30.2646
20	-392.252	135	16210.9	16210.8	-23.6412	30.3045
20	-391.252	135	16213.4	16213.4	-23.3789	30.3437
20	-390.252	135	16216	16216	-23.0555	30.3823
20	-389.252	135	16218.6	16218.5	-22.6557	30.4201
20	-388.252	135	16221	16220.9	-22.1999	30.4574
20	-387.252	135	16223.3	16223.3	-21.7333	30.494
20	-386.252	135	16225.5	16225.5	-21.3067	30.5301
20	-385.252	135	16227.6	16227.6	-20.9582	30.5656
20	-384.252	135	16229.7	16229.7	-20.7028	30.6006
20	-383.252	135	16231.8	16231.8	-20.529	30.6351
20	-382.252	135	16233.9	16233.9	-20.4048	30.6692
20	-381.252	135	16236.1	16236	-20.2906	30.703
20	-380.252	135	16238.3	16238.2	-20.1557	30.7363
20	-379.252	135	16240.4	16240.4	-19.9922	30.7694
20	-378.252	135	16242.5	16242.4	-19.8195	30.8022
20	-377.252	135	16244.5	16244.4	-19.6751	30.8348
20	-376.252	135	16246.4	16246.4	-19.5992	30.8673
20	-375.252	135	16248.3	16248.3	-19.6201	30.8996
20	-374.252	135	16250.3	16250.2	-19.7448	30.9318
20	-373.252	135	16252.2	16252.2	-19.957	30.964
20	-372.252	135	16254.3	16254.3	-20.223	30.9962
20	-371.252	135	16256.5	16256.4	-20.5033	31.0285
20	-370.252	135	16258.7	16258.6	-20.7683	31.061
20	-369.252	135	16260.9	16260.9	-21.0112	31.0935
20	-368.252	135	16263.2	16263.1	-21.2509	31.1262
20	-367.252	135	16265.4	16265.3	-21.5213	31.1592
20	-366.252	135	16267.6	16267.6	-21.8546	31.1923
20	-365.252	135	16270	16269.9	-22.2649	31.2256
20	-364.252	135	16272.4	16272.3	-22.7382	31.2591
20	-363.252	135	16275	16274.9	-23.2308	31.2928
20	-362.252	135	16277.7	16277.7	-23.6774	31.3266
20	-361.252	135	16280.6	16280.6	-24.0082	31.3604
20	-360.252	135	16283.6	16283.5	-24.1715	31.3943
20	-359.252	135	16286.6	16286.5	-24.1524	31.4281
20	-358.252	135	16289.5	16289.5	-23.9778	31.4617
20	-357.252	135	16292.4	16292.3	-23.701	31.495
20	-356.252	135	16295.1	16295.1	-23.378	31.528
20	-355.252	135	16297.8	16297.8	-23.045	31.5605
20	-354.252	135	16300.5	16300.5	-22.704	31.5924
20	-353.252	135	16303.2	16303.2	-22.3205	31.6235
20	-352.252	135	16306	16306	-21.8316	31.6539
20	-351.252	135	16308.8	16308.8	-21.1658	31.6832
20	-350.252	135	16311.6	16311.6	-20.2673	31.7116
20	-349.252	135	16314.3	16314.2	-19.1185	31.7387
20	-348.252	135	16316.7	16316.6	-17.7475	31.7644
20	-347.252	135	16318.8	16318.8	-16.2176	31.7888
20	-346.252	135	16320.6	16320.6	-14.6079	31.8118
20	-345.252	135	16322.1	16322.1	-12.9942	31.8332
20	-344.252	135	16323.3	16323.2	-11.4382	31.853
20	-343.252	135	16324.2	16324.2	-9.98275	31.8714
20	-342.252	135	16324.9	16324.9	-8.65334	31.8883
20	-341.252	135	16325.5	16325.4	-7.46104	31.9039
20	-340.252	135	16325.9	16325.8	-6.40656	31.9181
20	-339.252	135	16326.2	16326.1	-5.48387	31.931
20	-338.252	135	16326.4	16326.4	-4.68302	31.9429
20	-337.252	135	16326.6	16326.5	-3.99217	31.9537
20	-336.252	135	16326.7	16326.7	-3.39898	31.9637
20	-335.252	135	16326.8	16326.7	-2.89141	31.9728
20	-334.252	135	16326.8	16326.8	-2.45824	31.9811
20	-333.252	135	16326.9	16326.9	-2.08929	31.9888
20	-332.252	135	16326.9	16326.9	-1.7755	31.996
20	-331.252	135	16327	16326.9	-1.5089	32.0026
20	-330.252	135	16327	16326.9	-1.28257	32.0088
20	-329.252	135	16327	16327	-1.09054	32.0147
20	-328.252	135	16327	16327	-0.92767	32.0201
20	-327.252	135	16327	16327	-0.789571	32.0253
20	-326.252	135	16327	16327	-0.67249	32.0303
20	-325.252	135	16327	16327	-0.573235	32.035
20	-324.252	135	16327	16327	-0.489092	32.0395
20	-323.252	135	16327	16327	-0.417755	32.0438
20	-322.252	135	16327	16327	-0.357268	32.0479
20	-321.252	135	16327	16327	-0.305974	32.052
20	-320.252	135	16327	16327	-0.262466	32.0559
20	-319.252	135	16327	16327	-0.225555	32.0596
20	-318.252	135	16327	16327	-0.19423	32.0633
20	-317.252	135	16327	16327	-0.167639	32.0669
20	-316.252	135	16327	16327	-0.145058	32.0704
20	-315.252	135	16327	16327	-0.125874	32.0738
20	-314.252	135	16327	16327	-0.109569	32.0771
20	-313.252	135	16327	16327	-0.0957031	32.0804
20	-312.252	135	16327	16327	-0.0839051	32.0836
20	-311.252	135	16327	16327	-0.0738597	32.0867
20	-310.252	135	16327	16327	-0.0653003	32.0898
20	-309.252	135	16327	16327	-0.0580008	32.0928
20	-308.252	135	16327	16327	-0.0517698	32.0958
20	-307.252	135	16327	16327	-0.0464453	32.0987
20	-306.252	135	16327	16327	-0.0418899	32.1015
20	-305.252	135	16327	16327	-0.037987	32.1043
20	-304.252	135	16327	16327	-0.0346382	32.1071
20	-303.252	135	16327	16327	-0.0317598	32.1098
20	-302.252	135	16327	16327	-0.0292809	32.1125
20	-301.252	135	16327	16327	-0.0271414	32.1151
20	-300.252	135	16327	16327	-0.0252904	32.1177
20	-299.252	135	16327	16327	-0.0236848	32.1202
20	-298.252	135	16327	16327	-0.0222878	32.1227
20	-297.252	135	16327	16327	-0.0210683	32.1252
20	-296.252	135	16327	16327	-0.0200001	32.1276
20	-295.252	135	16327	16327	-0.0190608	32.13
20	-294.252	135	16327	16327	-0.0182313	32.1324
20	-293.252	135	16327	16327	-0.0174956	32.1347
20	-292.252	135	16327	16327	-0.01684	32.1369
20	-291.252	135	16327	16327	-0.0162529	32.1392
20	-290.252	135	16327	16327	-0.0157244	32.1414
20	-289.252	135	16327	16327	-0.0152461	32.1436
20	-288.252	135	16327	16327	-0.014811	32.1457
20	-287.252	135	16327	16327	-0.0144129	32.1478
20	-286.252	135	16327	16327	-0.0140467	32.1499
20	-285.252	135	16327	16327	-0.0137081	32.1519
20	-284.252	135	16327	16327	-0.0133934	32.1539
20	-283.252	135	16327	16327	-0.0130993	32.1559
20	-282.252	135	16327	16327	-0.0128231	32.1579
20	-281.252	135	16327	16327	-0.0125627	32.1598
20	-280.252	135	16327	16327	-0.012316	32.1617
20	-279.252	135	16327	16327	-0.0120813	32.1635
20	-278.252	135	16327	16327	-0.0118573	32.1654
20	-277.252	135	16327	16327	-0.0116426	32.1672
20	-276.252	135	16327	16327	-0.0114364	32.1689
20	-275.252	135	16327	16327	-0.0112376	32.1707
20	-274.252	135	16327	16327	-0.0110456	32.1724
20	-273.252	135	16327	16327	-0.0108597	32.1741
20	-272.252	135	16327	16327	-0.0106792	32.1758
20	-271.252	135	16327	16327	-0.0105038	32.1774
20	-270.252	135	16327	16327	-0.010333	32.179
20	-269.252	135	16327	16327	-0.0101665	32.1806
20	-268.252	135	16327	16327	-0.010004	32.1822
20	-267.252	135	16327	16327	-0.00984507	32.1838
20	-266.252	135	16327	16327	-0.00968963	32.1853
20	-265.252	135	16327	16327	-0.00953743	32.1868
20	-264.252	135	16327	16327	-0.0093883	32.1883
20	-263.252	135	16327	16327	-0.00924208	32.1897
20	-262.252	135	16327	16327	-0.00909863	32.1911
20	-261.252	135	16327	16327	-0.00895784	32.1926
20	-260.252	135	16327	16327	-0.00881959	32.1939
20	-259.252	135	16327	16327	-0.00868378	32.1953
20	-258.252	135	16327	16327	-0.00855033	32.1967
20	-257.252	135	16327	16327	-0.00841917	32.198
20	-256.252	135	16327	16327	-0.00829021	32.1993
20	-255.252	135	16327	16327	-0.00816341	32.2006
20	-254.252	135	16327	16327	-0.00803869	32.2019
20	-253.252	135	16327	16327	-0.007916	32.2031
20	-252.252	135	16327	16327	-0.00779529	32.2043
20	-251.252	135	16327	16327	-0.00767653	32.2055
20	-250.252	135	16327	16327	-0.00755965	32.2067
20	-249.252	135	16327	16327	-0.00744463	32.2079
20	-248.252	135	16327	16327	-0.00733142	32.2091
20	-247.252	135	16327	16327	-0.00721999	32.2102
20	-246.252	135	16327	16327	-0.0071103	32.2113
20	-245.252	135	16327	16327	-0.00700232	32.2124
20	-244.252	135	16327	16327	-0.00689601	32.2135
20	-243.252	135	16327	16327	-0.00679135	32.2146
20	-242.252	135	16327	16327	-0.00668831	32.2157
20	-241.252	135	16327	16327	-0.00658686	32.2167
20	-240.252	135	16327	16327	-0.00648697	32.2177
20	-239.252	135	16327	16327	-0.00638862	32.2187
20	-238.252	135	16327	16327	-0.00629177	32.2197
20	-237.252	135	16327	16327	-0.00619641	32.2207
20	-236.252	135	16327	16327	-0.00610251	32.2217
20	-235.252	135	16327	16327	-0.00601004	32.2226
20	-234.252	135	16327	16327	-0.00591899	32.2235
20	-233.252	135	16327	16327	-0.00582932	32.2245
20	-232.252	135	16327	16327	-0.00574103	32.2254
20	-231.252	135	16327	16327	-0.00565408	32.2263
20	-230.252	135	16327	16327	-0.00556845	32.2271
20	-229.252	135	16327	16327	-0.00548413	32.228
20	-228.252	135	16327	16327	-0.00540109	32.2289
20	-227.252	135	16327	16327	-0.00531932	32.2297
20	-226.252	135	16327	16327	-0.00523878	32.2305
20	-225.252	135	16327	16327	-0.00515947	32.2313
20	-224.252	135	16327	16327	-0.00508137	32.2321
20	-223.252	135	16327	16327	-0.00500445	32.2329
20	-222.252	135	16327	16327	-0.0049287	32.2337
20	-221.252	135	16327	16327	-0.00485409	32.2345
20	-220.252	135	16327	16327	-0.00478062	32.2352
20	-219.252	135	16327	16327	-0.00470826	32.236
20	-218.252	135	16327	16327	-0.004637	32.2367
20	-217.252	135	16327	16327	-0.00456682	32.2374
20	-216.252	135	16327	16327	-0.0044977	32.2381
20	-215.252	135	16327	16327	-0.00442963	32.2388
20	-214.252	135	16327	16327	-0.00436259	32.2395
20	-213.252	135	16327	16327	-0.00429656	32.2402
20	-212.252	135	16327	16327	-0.00423153	32.2409
20	-211.252	135	16327	16327	-0.00416749	32.2415
20	-210.252	135	16327	16327	-0.00410441	32.2422
20	-209.252	135	16327	16327	-0.00404229	32.2428
20	-208.252	135	16327	16327	-0.00398111	32.2434
20	-207.252	135	16327	16327	-0.00392085	32.2441
20	-206.252	135	16327	16327	-0.0038615	32.2447
20	-205.252	135	16327	16327	-0.00380305	32.2453
20	-204.252	135	16327	16327	-0.00374548	32.2459
20	-203.252	135	16327	16327	-0.00368878	32.2464
20	-202.252	135	16327	16327	-0.00363294	32.247
20	-201.252	135	16327	16327	-0.00357794	32.2476
20	-200.252	135	16327	16327	-0.00352376	32.2481
20	-199.252	135	16327	16327	-0.00347041	32.2487
20	-198.252	135	16327	16327	-0.00341786	32.2492
20	-197.252	135	16327	16327	-0.0033661	32.2498
20	-196.252	135	16327	16327	-0.00331512	32.2503
20	-195.252	135	16327	16327	-0.00326491	32.2508
20	-194.252	135	16327	16327	-0.00321546	32.2513
20	-193.252	135	16327	16327	-0.00316675	32.2518
20	-192.252	135	16327	16327	-0.00311878	32.2523
20	-191.252	135	16327	16327	-0.00307152	32.2528
20	-190.252	135	16327	16327	-0.00302498	32.2533
20	-189.252	135	16327	16327	-0.00297914	32.2537
20	-188.252	135	16327	16327	-0.00293399	32.2542
20	-187.252	135	16327	16327	-0.00288952	32.2546
20	-186.252	135	16327	16327	-0.00284571	32.2551
20	-185.252	135	16327	16327	-0.00280256	32.2555
20	-184.252	135	16327	16327	-0.00276007	32.256
20	-183.252	135	16327	16327	-0.00271821	32.2564
20	-182.252	135	16327	16327	-0.00267697	32.2568
20	-181.252	135	16327	16327	-0.00263636	32.2572
20	-180.252	135	16327	16327	-0.00259636	32.2577
20	-179.252	135	16327	16327	-0.00255695	32.2581
20	-178.252	135	16327	16327	-0.00251814	32.2585
20	-177.252	135	16327	16327	-0.00247991	32.2588
20	-176.252	135	16327	16327	-0.00244225	32.2592
20	-175.252	135	16327	16327	-0.00240516	32.2596
20	-174.252	135	16327	16327	-0.00236862	32.26
20	-173.252	135	16327	16327	-0.00233263	32.2604
20	-172.252	135	16327	16327	-0.00229718	32.2607
20	-171.252	135	16327	16327	-0.00226225	32.2611
20	-170.252	135	16327	16327	-0.00222785	32.2614
20	-169.252	135	16327	16327	-0.00219396	32.2618
20	-168.252	135	16327	16327	-0.00216058	32.2621
20	-167.252	135	16327	16327	-0.0021277	32.2624
20	-166.252	135	16327	16327	-0.00209531	32.2628
20	-165.252	135	16327	16327	-0.0020634	32.2631
20	-164.252	135	16327	16327	-0.00203196	32.2634
20	-163.252	135	16327	16327	-0.002001	32.2637
20	-162.252	135	16327	16327	-0.00197049	32.264
20	-161.252	135	16327	16327	-0.00194044	32.2644
20	-160.252	135	16327	16327	-0.00191084	32.2647
20	-159.252	135	16327	16327	-0.00188167	32.265
20	-158.252	135	16327	16327	-0.00185294	32.2652
20	-157.252	135	16327	16327	-0.00182464	32.2655
20	-156.252	135	16327	16327	-0.00179675	32.2658
20	-155.252	135	16327	16327	-0.00176928	32.2661
20	-154.252	135	16327	16327	-0.00174221	32.2664
20	-153.252	135	16327	16327	-0.00171555	32.2666
20	-152.252	135	16327	16327	-0.00168928	32.2669
20	-151.252	135	16327	16327	-0.00166339	32.2672
20	-150.252	135	16327	16327	-0.00163789	32.2674
20	-149.252	135	16327	16327	-0.00161277	32.2677
20	-148.252	135	16327	16327	-0.00158801	32.2679
20	-147.252	135	16327	16327	-0.00156362	32.2682
20	-146.252	135	16327	16327	-0.00153958	32.2684
20	-145.252	135	16327	16327	-0.0015159	32.2687
20	-144.252	135	16327	16327	-0.00149257	32.2689
20	-143.252	135	16327	16327	-0.00146957	32.2691
20	-142.252	135	16327	16327	-0.00144692	32.2694
20	-141.252	135	16327	16327	-0.00142459	32.2696
20	-140.252	135	16327	16327	-0.00140259	32.2698
20	-139.252	135	16327	16327	-0.0013809	32.27
20	-138.252	135	16327	16327	-0.00135954	32.2702
20	-137.252	135	16327	16327	-0.00133848	32.2705
20	-136.252	135	16327	16327	-0.00131773	32.2707
20	-135.252	135	16327	16327	-0.00129727	32.2709
20	-134.252	135	16327	16327	-0.00127712	32.2711
20	-133.252	135	16327	16327	-0.00125725	32.2713
20	-132.252	135	16327	16327	-0.00123766	32.2715
20	-131.252	135	16327	16327	-0.00121836	32.2717
20	-130.252	135	16327	16327	-0.00119933	32.2718
20	-129.252	135	16327	16327	-0.00118058	32.272
20	-128.252	135	16327	16327	-0.00116209	32.2722
20	-127.252	135	16327	16327	-0.00114386	32.2724
20	-126.252	135	16327	16327	-0.00112589	32.2726
20	-125.252	135	16327	16327	-0.00110817	32.2727
20	-124.252	135	16327	16327	-0.0010907	32.2729
20	-123.252	135	16327	16327	-0.00107348	32.2731
20	-122.252	135	16327	16327	-0.0010565	32.2733
20	-121.252	135	16327	16327	-0.00103975	32.2734
20	-120.252	135	16327	16327	-0.00102323	32.2736
20	-119.252	135	16327	16327	-0.00100694	32.2737
20	-118.252	135	16327	16327	-0.000990879	32.2739
20	-117.252	135	16327	16327	-0.000975033	32.274
20	-116.252	135	16327	16327	-0.000959403	32.2742
20	-115.252	135	16327	16327	-0.000943985	32.2744
20	-114.252	135	16327	16327	-0.000928774	32.2745
20	-113.252	135	16327	16327	-0.000913767	32.2746
20	-112.252	135	16327	16327	-0.00089896	32.2748
20	-111.252	135	16327	16327	-0.000884349	32.2749
20	-110.252	135	16327	16327	-0.00086993	32.2751
20	-109.252	135	16327	16327	-0.0008557	32.2752
20	-108.252	135	16327	16327	-0.000841655	32.2753
20	-107.252	135	16327	16327	-0.00082779	32.2755
20	-106.252	135	16327	16327	-0.000814104	32.2756
20	-105.252	135	16327	16327	-0.000800591	32.2757
20	-104.252	135	16327	16327	-0.000787248	32.2758
20	-103.252	135	16327	16327	-0.000774073	32.276
20	-102.252	135	16327	16327	-0.00076106	32.2761
20	-101.252	135	16327	16327	-0.000748208	32.2762
20	-100.252	135	16327	16327	-0.000735511	32.2763
20	-99.2524	135	16327	16327	-0.000722968	32.2764
20	-98.2524	135	16327	16327	-0.000710574	32.2765
20	-97.2524	135	16327	16327	-0.000698326	32.2767
20	-96.2524	135	16327	16327	-0.00068622	32.2768
20	-95.2524	135	16327	16327	-0.000674254	32.2769
20	-94.2524	135	16327	16327	-0.000662424	32.277
20	-93.2524	135	16327	16327	-0.000650727	32.2771
20	-92.2524	135	16327	16327	-0.000639159	32.2772
20	-91.2524	135	16327	16327	-0.000627718	32.2773
20	-90.2524	135	16327	16327	-0.0006164	32.2774
20	-89.2524	135	16327	16327	-0.000605201	32.2775
20	-88.2524	135	16327	16327	-0.00059412	32.2776
20	-87.2524	135	16327	16327	-0.000583152	32.2777
20	-86.2524	135	16327	16327	-0.000572295	32.2777
20	-85.2524	135	16327	16327	-0.000561545	32.2778
20	-84.2524	135	16327	16327	-0.0005509	32.2779
20	-83.2524	135	16327	16327	-0.000540356	32.278
20	-82.2524	135	16327	16327	-0.00052991	32.2781
20	-81.2524	135	16327	16327	-0.000519561	32.2782
20	-80.2524	135	16327	16327	-0.000509304	32.2783
20	-79.2524	135	16327	16327	-0.000499137	32.2783
20	-78.2524	135	16327	16327	-0.000489056	32.2784
20	-77.2524	135	16327	16327	-0.00047906	32.2785
20	-76.2524	135	16327	16327	-0.000469146	32.2786
20	-75.2524	135	16327	16327	-0.00045931	32.2786
20	-74.2524	135	16327	16327	-0.000449551	32.2787
20	-73.2524	135	16327	16327	-0.000439864	32.2788
20	-72.2524	135	16327	16327	-0.000430249	32.2788
20	-71.2524	135	16327	16327	-0.000420703	32.2789
20	-70.2524	135	16327	16327	-0.000411222	32.279
20	-69.2524	135	16327	16327	-0.000401805	32.279
20	-68.2524	135	16327	16327	-0.000392449	32.2791
20	-67.2524	135	16327	16327	-0.000383153	32.2792
20	-66.2524	135	16327	16327	-0.000373913	32.2792
20	-65.2524	135	16327	16327	-0.000364728	32.2793
20	-64.2524	135	16327	16327	-0.000355596	32.2793
20	-63.2524	135	16327	16327	-0.000346515	32.2794
20	-62.2524	135	16327	16327	-0.000337483	32.2794
20	-61.2524	135	16327	16327	-0.000328499	32.2795
20	-60.2524	135	16327	16327	-0.00031956	32.2795
20	-59.2524	135	16327	16327	-0.000310666	32.2796
20	-58.2524	135	16327	16327	-0.000301815	32.2796
20	-57.2524	135	16327	16327	-0.000293005	32.2797
20	-56.2524	135	16327	16327	-0.000284236	32.2797
20	-55.2524	135	16327	16327	-0.000275507	32.2798
20	-54.2524	135	16327	16327	-0.000266817	32.2798
20	-53.2524	135	16327	16327	-0.000258166	32.2799
20	-52.2524	135	16327	16327	-0.000249552	32.2799
20	-51.2524	135	16327	16327	-0.000240977	32.2799
20	-50.2524	135	16327	16327	-0.000232439	32.28
20	-49.2524	135	16327	16327	-0.000223939	32.28
20	-48.2524	135	16327	16327	-0.000215479	32.2801
20	-47.2524	135	16327	16327	-0.000207057	32.2801
20	-46.2524	135	16327	16327	-0.000198676	32.2801
20	-45.2524	135	16327	16327	-0.000190337	32.2801
20	-44.2524	135	16327	16327	-0.000182041	32.2802
20	-43.2524	135	16327	16327	-0.000173791	32.2802
20	-42.2524	135	16327	16327	-0.000165588	32.2802
20	-41.2524	135	16327	16327	-0.000157436	32.2803
20	-40.2524	135	16327	16327	-0.000149338	32.2803
20	-39.2524	135	16327	16327	-0.000141296	32.2803
20	-38.2524	135	16327	16327	-0.000133316	32.2803
20	-37.2524	135	16327	16327	-0.000125401	32.2803
20	-36.2524	135	16327	16327	-0.000117557	32.2804
20	-35.2524	135	16327	16327	-0.000109788	32.2804
20	-34.2524	135	16327	16327	-0.000102102	32.2804
20	-33.2524	135	16327	16327	-9.45048e-005	32.2804
20	-32.2524	135	16327	16327	-8.70034e-005	32.2804
20	-31.2524	135	16327	16327	-7.96061e-005	32.2804
20	-30.2524	135	16327	16327	-7.23213e-005	32.2805
20	-29.2524	135	16327	16327	-6.51587e-005	32.2805
20	-28.2524	135	16327	16327	-5.81282e-005	32.2805
20	-27.2524	135	16327	16327	-5.12406e-005	32.2805
20	-26.2524	135	16327	16327	-4.45079e-005	32.2805
20	-25.2524	135	16327	16327	-3.79424e-005	32.2805
20	-24.2524	135	16327	16327	-3.15574e-005	32.2805
20	-23.2524	135	16327	16327	-2.53674e-005	32.2805
20	-22.2524	135	16327	16327	-1.93872e-005	32.2805
20	-21.2524	135	16327	16327	-1.36327e-005	32.2805
20	-20.2524	135	16327	16327	-8.12095e-006	32.2805
20	-19.2524	135	16327	16327	-2.86907e-006	32.2805
20	-18.2524	135	16327	16327	2.10468e-006	32.2805
20	-17.2524	135	16327	16327	6.78141e-006	32.2805
20	-16.2524	135	16327	16327	1.11419e-005	32.2805
20	-15.2524	135	16327	16327	1.51664e-005	32.2805
20	-14.2524	135	16327	16327	1.88354e-005	32.2805
20	-13.2524	135	16327	16327	2.21293e-005	32.2805
20	-12.2524	135	16327	16327	2.50291e-005	32.2805
20	-11.2524	135	16327	16327	2.75164e-005	32.2805
20	-10.2524	135	16327	16327	2.95746e-005	32.2805
20	-9.25238	135	16327	16327	3.11888e-005	32.2805
20	-8.25238	135	16327	16327	3.2347e-005	32.2805
20	-7.25238	135	16327	16327	3.30407e-005	32.2805
20	-6.25238	135	16327	16327	3.32661e-005	32.2805
20	-5.25238	135	16327	16327	3.30253e-005	32.2805
20	-4.25238	135	16327	16327	3.2328e-005	32.2805
20	-3.25238	135	16327	16327	3.1193e-005	32.2805
20	-2.25238	135	16327	16327	2.96506e-005	32.2805
20	-1.25238	135	16327	16327	2.77446e-005	32.2804
20	-0.252377	135	16327	16327	1.31884e-005	32.2804
20	0.747623	135	16327	16327	-2.66603e-005	32.2804
20	1.74762	135	16327	16327	-2.87288e-005	32.2804
20	2.74762	135	16327	16327	-3.04617e-005	32.2805
20	3.74762	135	16327	16327	-3.18073e-005	32.2805
20	4.74762	135	16327	16327	-3.27289e-005	32.2805
20	5.74762	135	16327	16327	-3.32022e-005	32.2805
20	6.74762	135	16327	16327	-3.3213e-005	32.2805
20	7.74762	135	16327	16327	-3.27557e-005	32.2805
20	8.74762	135	16327	16327	-3.18313e-005	32.2805
20	9.74762	135	16327	16327	-3.04461e-005	32.2805
20	10.7476	135	16327	16327	-2.86104e-005	32.2805
20	11.7476	135	16327	16327	-2.63377e-005	32.2805
20	12.7476	135	16327	16327	-2.3644e-005	32.2805
20	13.7476	135	16327	16327	-2.05467e-005	32.2805
20	14.7476	135	16327	16327	-1.70646e-005	32.2805
20	15.7476	135	16327	16327	-1.32171e-005	32.2805
20	16.7476	135	16327	16327	-9.02377e-006	32.2805
20	17.7476	135	16327	16327	-4.50418e-006	32.2805
20	18.7476	135	16327	16327	3.22034e-007	32.2805
20	19.7476	135	16327	16327	5.43585e-006	32.2805
20	20.7476	135	16327	16327	1.08187e-005	32.2805
20	21.7476	135	16327	16327	1.64528e-005	32.2805
20	22.7476	135	16327	16327	2.23211e-005	32.2805
20	23.7476	135	16327	16327	2.84072e-005	32.2805
20	24.7476	135	16327	16327	3.46957e-005	32.2805
20	25.7476	135	16327	16327	4.11718e-005	32.2805
20	26.7476	135	16327	16327	4.78218e-005	32.2805
20	27.7476	135	16327	16327	5.46327e-005	32.2805
20	28.7476	135	16327	16327	6.15925e-005	32.2805
20	29.7476	135	16327	16327	6.86898e-005	32.2805
20	30.7476	135	16327	16327	7.59141e-005	32.2804
20	31.7476	135	16327	16327	8.32558e-005	32.2804
20	32.7476	135	16327	16327	9.07057e-005	32.2804
20	33.7476	135	16327	16327	9.82556e-005	32.2804
20	34.7476	135	16327	16327	0.000105898	32.2804
20	35.7476	135	16327	16327	0.000113626	32.2804
20	36.7476	135	16327	16327	0.000121432	32.2804
20	37.7476	135	16327	16327	0.000129312	32.2803
20	38.7476	135	16327	16327	0.00013726	32.2803
20	39.7476	135	16327	16327	0.000145271	32.2803
20	40.7476	135	16327	16327	0.000153341	32.2803
20	41.7476	135	16327	16327	0.000161467	32.2802
20	42.7476	135	16327	16327	0.000169644	32.2802
20	43.7476	135	16327	16327	0.000177871	32.2802
20	44.7476	135	16327	16327	0.000186144	32.2802
20	45.7476	135	16327	16327	0.000194462	32.2801
20	46.7476	135	16327	16327	0.000202822	32.2801
20	47.7476	135	16327	16327	0.000211223	32.2801
20	48.7476	135	16327	16327	0.000219664	32.28
20	49.7476	135	16327	16327	0.000228144	32.28
20	50.7476	135	16327	16327	0.000236662	32.28
20	51.7476	135	16327	16327	0.000245219	32.2799
20	52.7476	135	16327	16327	0.000253813	32.2799
20	53.7476	135	16327	16327	0.000262446	32.2798
20	54.7476	135	16327	16327	0.000271116	32.2798
20	55.7476	135	16327	16327	0.000279825	32.2798
20	56.7476	135	16327	16327	0.000288574	32.2797
20	57.7476	135	16327	16327	0.000297363	32.2797
20	58.7476	135	16327	16327	0.000306193	32.2796
20	59.7476	135	16327	16327	0.000315065	32.2796
20	60.7476	135	16327	16327	0.000323982	32.2795
20	61.7476	135	16327	16327	0.000332943	32.2795
20	62.7476	135	16327	16327	0.00034195	32.2794
20	63.7476	135	16327	16327	0.000351006	32.2794
20	64.7476	135	16327	16327	0.000360112	32.2793
20	65.7476	135	16327	16327	0.00036927	32.2793
20	66.7476	135	16327	16327	0.000378482	32.2792
20	67.7476	135	16327	16327	0.00038775	32.2791
20	68.7476	135	16327	16327	0.000397075	32.2791
20	69.7476	135	16327	16327	0.000406461	32.279
20	70.7476	135	16327	16327	0.000415909	32.2789
20	71.7476	135	16327	16327	0.000425422	32.2789
20	72.7476	135	16327	16327	0.000435002	32.2788
20	73.7476	135	16327	16327	0.000444652	32.2787
20	74.7476	135	16327	16327	0.000454375	32.2787
20	75.7476	135	16327	16327	0.000464172	32.2786
20	76.7476	135	16327	16327	0.000474046	32.2785
20	77.7476	135	16327	16327	0.000484001	32.2784
20	78.7476	135	16327	16327	0.000494038	32.2784
20	79.7476	135	16327	16327	0.000504161	32.2783
20	80.7476	135	16327	16327	0.000514372	32.2782
20	81.7476	135	16327	16327	0.000524675	32.2781
20	82.7476	135	16327	16327	0.000535071	32.2781
20	83.7476	135	16327	16327	0.000545565	32.278
20	84.7476	135	16327	16327	0.000556159	32.2779
20	85.7476	135	16327	16327	0.000566856	32.2778
20	86.7476	135	16327	16327	0.000577658	32.2777
20	87.7476	135	16327	16327	0.00058857	32.2776
20	88.7476	135	16327	16327	0.000599594	32.2775
20	89.7476	135	16327	16327	0.000610733	32.2774
20	90.7476	135	16327	16327	0.00062199	32.2773
20	91.7476	135	16327	16327	0.000633369	32.2772
20	92.7476	135	16327	16327	0.000644872	32.2771
20	93.7476	135	16327	16327	0.000656504	32.277
20	94.7476	135	16327	16327	0.000668266	32.2769
20	95.7476	135	16327	16327	0.000680163	32.2768
20	96.7476	135	16327	16327	0.000692198	32.2767
20	97.7476	135	16327	16327	0.000704373	32.2766
20	98.7476	135	16327	16327	0.000716693	32.2765
20	99.7476	135	16327	16327	0.000729161	32.2764
20	100.748	135	16327	16327	0.00074178	32.2763
20	101.748	135	16327	16327	0.000754553	32.2761
20	102.748	135	16327	16327	0.000767485	32.276
20	103.748	135	16327	16327	0.000780577	32.2759
20	104.748	135	16327	16327	0.000793835	32.2758
20	105.748	135	16327	16327	0.000807262	32.2757
20	106.748	135	16327	16327	0.00082086	32.2755
20	107.748	135	16327	16327	0.000834634	32.2754
20	108.748	135	16327	16327	0.000848588	32.2753
20	109.748	135	16327	16327	0.000862724	32.2751
20	110.748	135	16327	16327	0.000877047	32.275
20	111.748	135	16327	16327	0.000891561	32.2749
20	112.748	135	16327	16327	0.000906268	32.2747
20	113.748	135	16327	16327	0.000921174	32.2746
20	114.748	135	16327	16327	0.000936282	32.2744
20	115.748	135	16327	16327	0.000951595	32.2743
20	116.748	135	16327	16327	0.000967117	32.2741
20	117.748	135	16327	16327	0.000982853	32.274
20	118.748	135	16327	16327	0.000998807	32.2738
20	119.748	135	16327	16327	0.00101498	32.2737
20	120.748	135	16327	16327	0.00103138	32.2735
20	121.748	135	16327	16327	0.00104801	32.2733
20	122.748	135	16327	16327	0.00106488	32.2732
20	123.748	135	16327	16327	0.00108198	32.273
20	124.748	135	16327	16327	0.00109932	32.2728
20	125.748	135	16327	16327	0.00111692	32.2727
20	126.748	135	16327	16327	0.00113476	32.2725
20	127.748	135	16327	16327	0.00115285	32.2723
20	128.748	135	16327	16327	0.00117121	32.2721
20	129.748	135	16327	16327	0.00118983	32.2719
20	130.748	135	16327	16327	0.00120872	32.2717
20	131.748	135	16327	16327	0.00122789	32.2716
20	132.748	135	16327	16327	0.00124733	32.2714
20	133.748	135	16327	16327	0.00126705	32.2712
20	134.748	135	16327	16327	0.00128706	32.271
20	135.748	135	16327	16327	0.00130737	32.2708
20	136.748	135	16327	16327	0.00132797	32.2706
20	137.748	135	16327	16327	0.00134887	32.2703
20	138.748	135	16327	16327	0.00137008	32.2701
20	139.748	135	16327	16327	0.0013916	32.2699
20	140.748	135	16327	16327	0.00141344	32.2697
20	141.748	135	16327	16327	0.0014356	32.2695
20	142.748	135	16327	16327	0.00145809	32.2692
20	143.748	135	16327	16327	0.00148092	32.269
20	144.748	135	16327	16327	0.00150408	32.2688
20	145.748	135	16327	16327	0.00152759	32.2685
20	146.748	135	16327	16327	0.00155144	32.2683
20	147.748	135	16327	16327	0.00157565	32.2681
20	148.748	135	16327	16327	0.00160022	32.2678
20	149.748	135	16327	16327	0.00162516	32.2676
20	150.748	135	16327	16327	0.00165047	32.2673
20	151.748	135	16327	16327	0.00167616	32.267
20	152.748	135	16327	16327	0.00170224	32.2668
20	153.748	135	16327	16327	0.00172871	32.2665
20	154.748	135	16327	16327	0.00175557	32.2662
20	155.748	135	16327	16327	0.00178283	32.266
20	156.748	135	16327	16327	0.00181051	32.2657
20	157.748	135	16327	16327	0.0018386	32.2654
20	158.748	135	16327	16327	0.00186712	32.2651
20	159.748	135	16327	16327	0.00189606	32.2648
20	160.748	135	16327	16327	0.00192545	32.2645
20	161.748	135	16327	16327	0.00195527	32.2642
20	162.748	135	16327	16327	0.00198554	32.2639
20	163.748	135	16327	16327	0.00201628	32.2636
20	164.748	135	16327	16327	0.00204747	32.2633
20	165.748	135	16327	16327	0.00207914	32.2629
20	166.748	135	16327	16327	0.00211129	32.2626
20	167.748	135	16327	16327	0.00214392	32.2623
20	168.748	135	16327	16327	0.00217705	32.2619
20	169.748	135	16327	16327	0.00221068	32.2616
20	170.748	135	16327	16327	0.00224482	32.2612
20	171.748	135	16327	16327	0.00227948	32.2609
20	172.748	135	16327	16327	0.00231467	32.2605
20	173.748	135	16327	16327	0.00235039	32.2602
20	174.748	135	16327	16327	0.00238665	32.2598
20	175.748	135	16327	16327	0.00242346	32.2594
20	176.748	135	16327	16327	0.00246083	32.259
20	177.748	135	16327	16327	0.00249877	32.2586
20	178.748	135	16327	16327	0.00253729	32.2583
20	179.748	135	16327	16327	0.00257639	32.2579
20	180.748	135	16327	16327	0.00261609	32.2574
20	181.748	135	16327	16327	0.0026564	32.257
20	182.748	135	16327	16327	0.00269732	32.2566
20	183.748	135	16327	16327	0.00273886	32.2562
20	184.748	135	16327	16327	0.00278103	32.2558
20	185.748	135	16327	16327	0.00282385	32.2553
20	186.748	135	16327	16327	0.00286732	32.2549
20	187.748	135	16327	16327	0.00291146	32.2544
20	188.748	135	16327	16327	0.00295626	32.254
20	189.748	135	16327	16327	0.00300176	32.2535
20	190.748	135	16327	16327	0.00304794	32.253
20	191.748	135	16327	16327	0.00309484	32.2525
20	192.748	135	16327	16327	0.00314245	32.2521
20	193.748	135	16327	16327	0.00319078	32.2516
20	194.748	135	16327	16327	0.00323986	32.2511
20	195.748	135	16327	16327	0.00328969	32.2505
20	196.748	135	16327	16327	0.00334027	32.25
20	197.748	135	16327	16327	0.00339164	32.2495
20	198.748	135	16327	16327	0.00344378	32.249
20	199.748	135	16327	16327	0.00349673	32.2484
20	200.748	135	16327	16327	0.00355049	32.2479
20	201.748	135	16327	16327	0.00360507	32.2473
20	202.748	135	16327	16327	0.00366049	32.2467
20	203.748	135	16327	16327	0.00371675	32.2462
20	204.748	135	16327	16327	0.00377388	32.2456
20	205.748	135	16327	16327	0.00383189	32.245
20	206.748	135	16327	16327	0.00389078	32.2444
20	207.748	135	16327	16327	0.00395058	32.2438
20	208.748	135	16327	16327	0.00401129	32.2431
20	209.748	135	16327	16327	0.00407294	32.2425
20	210.748	135	16327	16327	0.00413553	32.2419
20	211.748	135	16327	16327	0.00419908	32.2412
20	212.748	135	16327	16327	0.00426361	32.2405
20	213.748	135	16327	16327	0.00432913	32.2399
20	214.748	135	16327	16327	0.00439566	32.2392
20	215.748	135	16327	16327	0.00446321	32.2385
20	216.748	135	16327	16327	0.0045318	32.2378
20	217.748	135	16327	16327	0.00460144	32.2371
20	218.748	135	16327	16327	0.00467216	32.2363
20	219.748	135	16327	16327	0.00474396	32.2356
20	220.748	135	16327	16327	0.00481687	32.2349
20	221.748	135	16327	16327	0.0048909	32.2341
20	222.748	135	16327	16327	0.00496607	32.2333
20	223.748	135	16327	16327	0.0050424	32.2325
20	224.748	135	16327	16327	0.0051199	32.2317
20	225.748	135	16327	16327	0.0051986	32.2309
20	226.748	135	16327	16327	0.00527851	32.2301
20	227.748	135	16327	16327	0.00535966	32.2293
20	228.748	135	16327	16327	0.00544206	32.2284
20	229.748	135	16327	16327	0.00552573	32.2276
20	230.748	135	16327	16327	0.0056107	32.2267
20	231.748	135	16327	16327	0.00569697	32.2258
20	232.748	135	16327	16327	0.00578459	32.2249
20	233.748	135	16327	16327	0.00587356	32.224
20	234.748	135	16327	16327	0.00596391	32.2231
20	235.748	135	16327	16327	0.00605566	32.2221
20	236.748	135	16327	16327	0.00614883	32.2212
20	237.748	135	16327	16327	0.00624345	32.2202
20	238.748	135	16327	16327	0.00633955	32.2192
20	239.748	135	16327	16327	0.00643714	32.2182
20	240.748	135	16327	16327	0.00653625	32.2172
20	241.748	135	16327	16327	0.00663691	32.2162
20	242.748	135	16327	16327	0.00673914	32.2151
20	243.748	135	16327	16327	0.00684298	32.2141
20	244.748	135	16327	16327	0.00694845	32.213
20	245.748	135	16327	16327	0.00705558	32.2119
20	246.748	135	16327	16327	0.00716441	32.2108
20	247.748	135	16327	16327	0.00727496	32.2096
20	248.748	135	16327	16327	0.00738726	32.2085
20	249.748	135	16327	16327	0.00750137	32.2073
20	250.748	135	16327	16327	0.0076173	32.2062
20	251.748	135	16327	16327	0.00773511	32.2049
20	252.748	135	16327	16327	0.00785483	32.2037
20	253.748	135	16327	16327	0.00797651	32.2025
20	254.748	135	16327	16327	0.0081002	32.2012
20	255.748	135	16327	16327	0.00822594	32.2
20	256.748	135	16327	16327	0.00835381	32.1987
20	257.748	135	16327	16327	0.00848385	32.1973
20	258.748	135	16327	16327	0.00861613	32.196
20	259.748	135	16327	16327	0.00875074	32.1946
20	260.748	135	16327	16327	0.00888775	32.1933
20	261.748	135	16327	16327	0.00902725	32.1919
20	262.748	135	16327	16327	0.00916934	32.1904
20	263.748	135	16327	16327	0.00931414	32.189
20	264.748	135	16327	16327	0.00946179	32.1875
20	265.748	135	16327	16327	0.00961242	32.186
20	266.748	135	16327	16327	0.0097662	32.1845
20	267.748	135	16327	16327	0.00992332	32.183
20	268.748	135	16327	16327	0.010084	32.1814
20	269.748	135	16327	16327	0.0102485	32.1799
20	270.748	135	16327	16327	0.0104171	32.1782
20	271.748	135	16327	16327	0.0105901	32.1766
20	272.748	135	16327	16327	0.010768	32.175
20	273.748	135	16327	16327	0.0109511	32.1733
20	274.748	135	16327	16327	0.0111399	32.1716
20	275.748	135	16327	16327	0.0113352	32.1698
20	276.748	135	16327	16327	0.0115376	32.1681
20	277.748	135	16327	16327	0.0117479	32.1663
20	278.748	135	16327	16327	0.011967	32.1645
20	279.748	135	16327	16327	0.0121961	32.1626
20	280.748	135	16327	16327	0.0124366	32.1607
20	281.748	135	16327	16327	0.0126899	32.1588
20	282.748	135	16327	16327	0.0129579	32.1569
20	283.748	135	16327	16327	0.0132426	32.1549
20	284.748	135	16327	16327	0.0135466	32.1529
20	285.748	135	16327	16327	0.0138727	32.1509
20	286.748	135	16327	16327	0.0142245	32.1489
20	287.748	135	16327	16327	0.0146059	32.1468
20	288.748	135	16327	16327	0.0150217	32.1446
20	289.748	135	16327	16327	0.0154774	32.1425
20	290.748	135	16327	16327	0.0159796	32.1403
20	291.748	135	16327	16327	0.0165361	32.1381
20	292.748	135	16327	16327	0.0171559	32.1358
20	293.748	135	16327	16327	0.0178496	32.1335
20	294.748	135	16327	16327	0.01863	32.1312
20	295.748	135	16327	16327	0.0195118	32.1288
20	296.748	135	16327	16327	0.0205124	32.1264
20	297.748	135	16327	16327	0.0216526	32.124
20	298.748	135	16327	16327	0.0229566	32.1215
20	299.748	135	16327	16327	0.0244529	32.119
20	300.748	135	16327	16327	0.0261753	32.1164
20	301.748	135	16327	16327	0.0281635	32.1138
20	302.748	135	16327	16327	0.0304645	32.1112
20	303.748	135	16327	16327	0.0331335	32.1085
20	304.748	135	16327	16327	0.0362356	32.1057
20	305.748	135	16327	16327	0.039848	32.1029
20	306.748	135	16327	16327	0.0440612	32.1001
20	307.748	135	16327	16327	0.0489824	32.0972
20	308.748	135	16327	16327	0.054738	32.0943
20	309.748	135	16327	16327	0.061477	32.0913
20	310.748	135	16327	16327	0.0693757	32.0883
20	311.748	135	16327	16327	0.0786417	32.0852
20	312.748	135	16327	16327	0.0895204	32.082
20	313.748	135	16327	16327	0.102301	32.0788
20	314.748	135	16327	16327	0.117327	32.0755
20	315.748	135	16327	16327	0.135001	32.0721
20	316.748	135	16327	16327	0.1558	32.0687
20	317.748	135	16327	16327	0.180287	32.0651
20	318.748	135	16327	16327	0.209129	32.0615
20	319.748	135	16327	16327	0.243109	32.0578
20	320.748	135	16327	16327	0.283157	32.0539
20	321.748	135	16327	16327	0.330366	32.05
20	322.748	135	16327	16327	0.38603	32.0459
20	323.748	135	16327	16327	0.451675	32.0417
20	324.748	135	16327	16327	0.5291	32.0373
20	325.748	135	16327	16327	0.620428	32.0327
20	326.748	135	16327	16327	0.728158	32.0279
20	327.748	135	16327	16327	0.855234	32.0228
20	328.748	135	16327	16327	1.00511	32.0175
20	329.748	135	16327	16327	1.18185	32.0118
20	330.748	135	16327	16326.9	1.3902	32.0058
20	331.748	135	16326.9	16326.9	1.6357	31.9994
20	332.748	135	16326.9	16326.9	1.92478	31.9925
20	333.748	135	16326.9	16326.8	2.26487	31.9851
20	334.748	135	16326.8	16326.8	2.66445	31.9771
20	335.748	135	16326.7	16326.7	3.13316	31.9684
20	336.748	135	16326.6	16326.6	3.6817	31.9589
20	337.748	135	16326.5	16326.5	4.32173	31.9485
20	338.748	135	16326.3	16326.3	5.0655	31.9372
20	339.748	135	16326	16326	5.92524	31.9248
20	340.748	135	16325.7	16325.6	6.91202	31.9112
20	341.748	135	16325.2	16325.2	8.03414	31.8963
20	342.748	135	16324.6	16324.5	9.29467	31.8801
20	343.748	135	16323.8	16323.7	10.6882	31.8625
20	344.748	135	16322.7	16322.7	12.1971	31.8434
20	345.748	135	16321.4	16321.4	13.7877	31.8227
20	346.748	135	16319.8	16319.7	15.4077	31.8006
20	347.748	135	16317.8	16317.8	16.9877	31.7769
20	348.748	135	16315.5	16315.5	18.4488	31.7518
20	349.748	135	16313	16312.9	19.717	31.7254
20	350.748	135	16310.3	16310.2	20.7442	31.6977
20	351.748	135	16307.4	16307.4	21.5237	31.6688
20	352.748	135	16304.6	16304.6	22.0939	31.6389
20	353.748	135	16301.9	16301.8	22.5213	31.6082
20	354.748	135	16299.2	16299.1	22.8764	31.5766
20	355.748	135	16296.5	16296.4	23.2101	31.5445
20	356.748	135	16293.8	16293.7	23.5396	31.5117
20	357.748	135	16291	16290.9	23.8452	31.4786
20	358.748	135	16288.1	16288	24.0789	31.4451
20	359.748	135	16285.1	16285.1	24.1829	31.4114
20	360.748	135	16282.1	16282.1	24.114	31.3775
20	361.748	135	16279.1	16279.1	23.8646	31.3436
20	362.748	135	16276.3	16276.3	23.4688	31.3098
20	363.748	135	16273.7	16273.6	22.9903	31.2761
20	364.748	135	16271.2	16271.1	22.4994	31.2425
20	365.748	135	16268.8	16268.8	22.0527	31.2091
20	366.748	135	16266.5	16266.5	21.6797	31.1758
20	367.748	135	16264.3	16264.2	21.3802	31.1428
20	368.748	135	16262.1	16262	21.1295	31.11
20	369.748	135	16259.8	16259.8	20.8924	31.0774
20	370.748	135	16257.6	16257.5	20.6402	31.0449
20	371.748	135	16255.4	16255.3	20.366	31.0125
20	372.748	135	16253.3	16253.2	20.0884	30.9803
20	373.748	135	16251.3	16251.2	19.8439	30.948
20	374.748	135	16249.3	16249.3	19.6711	30.9158
20	375.748	135	16247.4	16247.3	19.5965	30.8836
20	376.748	135	16245.5	16245.4	19.6251	30.8512
20	377.748	135	16243.5	16243.5	19.739	30.8187
20	378.748	135	16241.5	16241.4	19.9028	30.786
20	379.748	135	16239.3	16239.3	20.0754	30.7531
20	380.748	135	16237.2	16237.1	20.2265	30.7199
20	381.748	135	16235	16235	20.3493	30.6863
20	382.748	135	16232.9	16232.8	20.4639	30.6524
20	383.748	135	16230.8	16230.7	20.6076	30.6181
20	384.748	135	16228.7	16228.7	20.8182	30.5833
20	385.748	135	16226.6	16226.6	21.119	30.548
20	386.748	135	16224.4	16224.4	21.5089	30.5123
20	387.748	135	16222.2	16222.1	21.9608	30.4759
20	388.748	135	16219.8	16219.8	22.4287	30.439
20	389.748	135	16217.3	16217.3	22.8621	30.4015
20	390.748	135	16214.7	16214.7	23.2257	30.3633
20	391.748	135	16212.2	16212.1	23.5157	30.3244
20	392.748	135	16209.6	16209.6	23.764	30.2848
20	393.748	135	16207.2	16207.1	24.026	30.2445
20	394.748	135	16204.8	16204.7	24.3614	30.2034
20	395.748	135	16202.4	16202.3	24.8148	30.1614
20	396.748	135	16200	16199.9	25.405	30.1184
20	397.748	135	16197.4	16197.4	26.1213	30.0745
20	398.748	135	16194.8	16194.7	26.9314	30.0294
20	399.748	135	16192	16192	27.7952	29.9832
20	400.748	135	16189.1	16189	28.6844	29.9357
20	401.748	135	16186.1	16186	29.5979	29.8869
20	402.748	135	16183	16183	30.5643	29.8367
20	403.748	135	16179.9	16179.9	31.6275	29.785
20	404.748	135	16176.7	16176.6	32.8244	29.7318
20	405.748	135	16173.2	16173.2	34.1626	29.6771
20	406.748	135	16169.5	16169.5	35.6072	29.6208
20	407.748	135	16165.5	16165.4	37.0795	29.5629
20	408.748	135	16161.1	16161	38.4704	29.5035
20	409.748	135	16156.4	16156.3	39.6677	29.4426
20	410.748	135	16151.5	16151.4	40.5935	29.3804
20	411.748	135	16146.6	16146.5	41.2345	29.3168
20	412.748	135	16141.7	16141.6	41.6487	29.252
20	413.748	135	16136.9	16136.8	41.941	29.186
20	414.748	135	16132.3	16132.2	42.2222	29.1189
20	415.748	135	16127.7	16127.6	42.5717	29.0509
20	416.748	135	16123.1	16123	43.0136	28.9819
20	417.748	135	16118.3	16118.2	43.5125	28.912
20	418.748	135	16113.4	16113.3	43.9866	28.8413
20	419.748	135	16108.3	16108.2	44.3394	28.7697
20	420.748	135	16103.1	16103.1	44.499	28.6974
20	421.748	135	16098	16097.9	44.4534	28.6244
20	422.748	135	16093.1	16093	44.2587	28.5506
20	423.748	135	16088.3	16088.2	44.0182	28.4761
20	424.748	135	16083.7	16083.6	43.8426	28.4008
20	425.748	135	16079.3	16079.2	43.8146	28.3248
20	426.748	135	16074.8	16074.7	43.9659	28.2479
20	427.748	135	16070.3	16070.2	44.2725	28.1701
20	428.748	135	16065.7	16065.6	44.6681	28.0913
20	429.748	135	16060.9	16060.9	45.0717	28.0114
20	430.748	135	16056.1	16056.1	45.4249	27.9301
20	431.748	135	16051.4	16051.3	45.7231	27.8475
20	432.748	135	16046.7	16046.6	46.0244	27.7634
20	433.748	135	16042.2	16042.1	46.4292	27.6775
20	434.748	135	16037.8	16037.7	47.0455	27.5897
20	435.748	135	16033.4	16033.3	47.9557	27.4997
20	436.748	135	16029	16028.9	49.1961	27.4072
20	437.748	135	16024.4	16024.3	50.7525	27.312
20	438.748	135	16019.5	16019.4	52.5719	27.2138
20	439.748	135	16014.4	16014.3	54.5898	27.1122
20	440.748	135	16009	16008.9	56.7636	27.007
20	441.748	135	16003.5	16003.4	59.1007	26.8979
20	442.748	135	15997.8	15997.6	61.6619	26.7845
20	443.748	135	15991.9	15991.7	64.5355	26.6664
20	444.748	135	15985.7	15985.5	67.7949	26.5435
20	445.748	135	15979	15978.8	71.4588	26.4154
20	446.748	135	15971.8	15971.6	75.4663	26.2818
20	447.748	135	15963.8	15963.6	79.6758	26.1424
20	448.748	135	15955.1	15954.9	83.8917	25.997
20	449.748	135	15945.7	15945.5	87.9201	25.8455
20	450.748	135	15935.9	15935.6	91.6426	25.6875
20	451.748	135	15926	15925.7	95.0779	25.5228
20	452.748	135	15916	15915.7	98.3952	25.3511
20	453.748	135	15906.3	15905.9	101.865	25.172
20	454.748	135	15896.7	15896.3	105.781	24.9852
20	455.748	135	15887	15886.6	110.38	24.7901
20	456.748	135	15877.1	15876.6	115.801	24.5862
20	457.748	135	15866.6	15866.1	122.07	24.3728
20	458.748	135	15855.5	15854.9	129.128	24.1494
20	459.748	135	15843.6	15842.9	136.887	23.9152
20	460.748	135	15830.9	15830.2	145.307	23.6697
20	461.748	135	15817.5	15816.7	154.449	23.4121
20	462.748	135	15803.4	15802.5	164.48	23.1419
20	463.748	135	15788.4	15787.4	175.606	22.8586
20	464.748	135	15772.2	15771.1	187.972	22.5619
20	465.748	135	15754.5	15753.2	201.558	22.2515
20	466.748	135	15734.7	15733.2	216.129	21.9274
20	467.748	135	15712.6	15710.8	231.228	21.5898
20	468.748	135	15688.2	15686.2	246.264	21.2392
20	469.748	135	15661.9	15659.7	260.678	20.8761
20	470.748	135	15634.5	15632.1	274.164	20.5011
20	471.748	135	15606.9	15604.3	286.856	20.1153
20	472.748	135	15580	15577.2	299.382	19.7195
20	473.748	135	15554.4	15551.2	312.723	19.3145
20	474.748	135	15530	15526.5	327.993	18.9013
20	475.748	135	15506.7	15502.9	346.23	18.4807
20	476.748	135	15484	15479.6	368.271	18.0534
20	477.748	135	15461.4	15456.4	394.732	17.6201
20	478.748	135	15438.4	15432.5	426.075	17.1818
20	479.748	135	15414.9	15408	462.759	16.7393
20	480.748	135	15390.9	15382.6	505.427	16.2937
20	481.748	135	15366.6	15356.6	555.073	15.846
20	482.748	135	15342	15329.7	613.1	15.3977
20	483.748	135	15316.8	15301.6	681.257	14.9505
20	484.748	135	15290.4	15271.4	761.494	14.5061
20	485.748	135	15261.7	15237.7	855.826	14.0666
20	486.748	135	15229.4	15198.7	966.234	13.6346
20	487.748	135	15191.8	15152.3	1094.62	13.2126
20	488.748	135	15146.8	15095.7	1242.79	12.8034
20	489.748	135	15092.2	15026	1412.48	12.4103
20	490.748	135	15025.4	14939.4	1605.29	12.0361
20	491.748	135	14942.8	14831.2	1822.53	11.6838
20	492.748	135	14840.2	14695.9	2064.84	11.356
20	493.748	135	14712.2	14526.3	2331.47	11.0546
20	494.748	135	14552.2	14314.5	2619.5	10.7808
20	495.748	135	14353.2	14052.4	2922.93	10.5346
20	496.748	135	14108.4	13733.1	3232.24	10.3153
20	497.748	135	13812.9	13353	3534.53	10.1205
20	498.748	135	13465.6	12913.9	3814.92	9.94709
20	499.748	135	13070.5	12424.1	4059.36	9.79079
20	500.748	135	12637.5	11898.4	4258.34	9.64672
20	501.748	135	12180.4	11354.1	4409.92	9.50966
20	502.748	135	11713.2	10805.9	4520.12	9.37445
20	503.748	135	11245.6	10261.8	4599.89	9.23634
20	504.748	135	10780.6	9721.29	4660.22	9.09131
20	505.748	135	10314.6	9177.56	4707.78	8.93626
20	506.748	135	9839.16	8620.99	4742.1	8.76915
20	507.748	135	9344.18	8043.79	4755.13	8.58897
20	508.748	135	8821.59	7444.34	4733.1	8.39566
20	509.748	135	8268.84	6830.22	4660.65	8.18999
20	510.748	135	7691.19	6218.26	4526.32	7.97334
20	511.748	135	7101.53	5630.85	4327.25	7.74758
20	512.748	135	6517.4	5089.64	4070.87	7.51481
20	513.748	135	5956.87	4610.11	3772.41	7.27725
20	514.748	135	5435.04	4199.34	3450.39	7.03712
20	515.748	135	4962.25	3856.7	3122.47	6.79652
20	516.748	135	4543.71	3576.23	2802.82	6.55738
20	517.748	135	4180.15	3349.25	2501.23	6.32139
20	518.748	135	3869.04	3166.4	2223.36	6.09001
20	519.748	135	3605.86	3019.07	1971.65	5.86445
20	520.748	135	3385.29	2900.05	1746.39	5.64567
20	521.748	135	3201.97	2803.6	1546.74	5.43441
20	522.748	135	3050.75	2725.14	1371.38	5.2312
20	523.748	135	2926.76	2660.89	1218.83	5.03637
20	524.748	135	2825.31	2607.62	1087.51	4.8501
20	525.748	135	2741.97	2562.48	975.745	4.67245
20	526.748	135	2672.67	2523.03	881.734	4.50334
20	527.748	135	2613.82	2487.23	803.564	4.3426
20	528.748	135	2562.45	2453.48	739.287	4.19
20	529.748	135	2516.3	2420.68	687.05	4.04525
20	530.748	135	2473.73	2388.09	645.235	3.90802
20	531.748	135	2433.57	2355.21	612.563	3.77795
20	532.748	135	2394.83	2321.5	588.078	3.65466
20	533.748	135	2356.49	2286.26	570.992	3.53778
20	534.748	135	2317.31	2248.51	560.448	3.42693
20	535.748	135	2275.94	2207.16	555.292	3.32174
20	536.748	135	2231.06	2161.2	553.936	3.22184
20	537.748	135	2181.63	2110.02	554.341	3.12691
20	538.748	135	2127.22	2053.75	554.201	3.0366
20	539.748	135	2068.28	1993.45	551.309	2.95061
20	540.748	135	2006.24	1931.06	544.057	2.86866
20	541.748	135	1943.22	1869.01	531.871	2.79048
20	542.748	135	1881.49	1809.55	515.302	2.71583
20	543.748	135	1822.86	1754.16	495.717	2.64446
20	544.748	135	1768.3	1703.38	474.767	2.57617
20	545.748	135	1717.95	1656.9	453.896	2.51078
20	546.748	135	1671.26	1613.91	434.041	2.44808
20	547.748	135	1627.42	1573.47	415.54	2.38793
20	548.748	135	1585.61	1534.79	398.224	2.33016
20	549.748	135	1545.38	1497.51	381.643	2.27463
20	550.748	135	1506.69	1461.72	365.361	2.22122
20	551.748	135	1469.88	1427.79	349.216	2.1698
20	552.748	135	1435.38	1396.12	333.414	2.12025
20	553.748	135	1403.45	1366.85	318.43	2.07248
20	554.748	135	1374.04	1339.81	304.806	2.02637
20	555.748	135	1346.75	1314.5	292.95	1.98185
20	556.748	135	1320.99	1290.32	283.013	1.93882
20	557.748	135	1296.1	1266.62	274.855	1.8972
20	558.748	135	1271.56	1242.97	268.109	1.85692
20	559.748	135	1247.08	1219.18	262.308	1.8179
20	560.748	135	1222.67	1195.34	257.056	1.78009
20	561.748	135	1198.52	1171.69	252.163	1.74343
20	562.748	135	1174.83	1148.43	247.686	1.70785
20	563.748	135	1151.66	1125.55	243.829	1.67331
20	564.748	135	1128.79	1102.81	240.774	1.63976
20	565.748	135	1105.79	1079.76	238.524	1.60716
20	566.748	135	1082.12	1055.89	236.803	1.57547
20	567.748	135	1057.3	1030.84	235.041	1.54465
20	568.748	135	1031.09	1004.54	232.463	1.51467
20	569.748	135	1003.62	977.318	228.259	1.4855
20	570.748	135	975.5	949.943	221.827	1.45711
20	571.748	135	947.65	923.408	212.969	1.42948
20	572.748	135	921.083	898.667	201.963	1.40259
20	573.748	135	896.626	876.384	189.437	1.3764
20	574.748	135	874.763	856.84	176.163	1.3509
20	575.748	135	855.611	839.966	162.863	1.32608
20	576.748	135	838.997	825.463	150.085	1.3019
20	577.748	135	824.585	812.927	138.165	1.27835
20	578.748	135	811.991	801.958	127.244	1.2554
20	579.748	135	800.876	792.234	117.33	1.23305
20	580.748	135	790.992	783.533	108.368	1.21126
20	581.748	135	782.175	775.716	100.302	1.19003
20	582.748	135	774.3	768.68	93.1102	1.16932
20	583.748	135	767.238	762.311	86.7998	1.14912
20	584.748	135	760.829	756.463	81.3762	1.12941
20	585.748	135	754.886	750.967	76.8149	1.11017
20	586.748	135	749.218	745.648	73.0426	1.09138
20	587.748	135	743.656	740.359	69.9341	1.07303
20	588.748	135	738.088	735.01	67.3274	1.05509
20	589.748	135	732.478	729.583	65.0544	1.03754
20	590.748	135	726.868	724.134	62.9802	1.02037
20	591.748	135	721.346	718.759	61.0369	1.00357
20	592.748	135	715.999	713.544	59.2309	0.987106
20	593.748	135	710.867	708.527	57.62	0.970978
20	594.748	135	705.927	703.68	56.2728	0.955168
20	595.748	135	701.102	698.922	55.231	0.939663
20	596.748	135	696.283	694.147	54.4858	0.924449
20	597.748	135	691.37	689.259	53.9726	0.909516
20	598.748	135	686.3	684.204	53.5844	0.894853
20	599.748	135	681.076	678.994	53.202	0.880451
20	600.748	135	675.765	673.704	52.7338	0.866299
20	601.748	135	670.478	668.446	52.1488	0.852391
20	602.748	135	665.314	663.318	51.4858	0.838718
20	603.748	135	660.326	658.366	50.8297	0.825273
20	604.748	135	655.499	653.568	50.2721	0.812051
20	605.748	135	650.763	648.849	49.8739	0.799045
20	606.748	135	646.015	644.105	49.6419	0.786252
20	607.748	135	641.159	639.243	49.5241	0.773665
20	608.748	135	636.136	634.213	49.4232	0.761281
20	609.748	135	630.952	629.028	49.2271	0.749097
20	610.748	135	625.678	623.768	48.8489	0.737109
20	611.748	135	620.425	618.545	48.2601	0.725314
20	612.748	135	615.298	613.462	47.4999	0.713711
20	613.748	135	610.354	608.568	46.6514	0.702296
20	614.748	135	605.583	603.848	45.8026	0.691068
20	615.748	135	600.921	599.233	45.009	0.680025
20	616.748	135	596.276	594.63	44.2705	0.669166
20	617.748	135	591.562	589.958	43.527	0.658488
20	618.748	135	586.738	585.183	42.6725	0.647991
20	619.748	135	581.831	580.342	41.5871	0.637673
20	620.748	135	576.942	575.541	40.1777	0.627533
20	621.748	135	572.218	570.927	38.4147	0.61757
20	622.748	135	567.811	566.646	36.3439	0.607781
20	623.748	135	563.826	562.795	34.0675	0.598166
20	624.748	135	560.31	559.411	31.7101	0.588723
20	625.748	135	557.251	556.475	29.3867	0.579449
20	626.748	135	554.596	553.929	27.1821	0.570343
20	627.748	135	552.276	551.703	25.1454	0.561402
20	628.748	135	550.22	549.727	23.2928	0.552624
20	629.748	135	548.375	547.949	21.6188	0.544007
20	630.748	135	546.705	546.335	20.1094	0.535548
20	631.748	135	545.189	544.866	18.7534	0.527244
20	632.748	135	543.813	543.529	17.5478	0.519092
20	633.748	135	542.559	542.308	16.4965	0.511089
20	634.748	135	541.401	541.176	15.6038	0.503232
20	635.748	135	540.309	540.104	14.868	0.495519
20	636.748	135	539.249	539.06	14.2782	0.487945
20	637.748	135	538.193	538.016	13.8126	0.480508
20	638.748	135	537.123	536.954	13.4425	0.473204
20	639.748	135	536.034	535.873	13.1376	0.466032
20	640.748	135	534.939	534.784	12.8745	0.458989
20	641.748	135	533.855	533.705	12.6433	0.452071
20	642.748	135	532.8	532.655	12.449	0.445277
20	643.748	135	531.782	531.639	12.307	0.438605
20	644.748	135	530.793	530.652	12.2352	0.432052
20	645.748	135	529.816	529.674	12.2464	0.425617
20	646.748	135	528.828	528.684	12.3435	0.419299
20	647.748	135	527.806	527.657	12.5186	0.413098
20	648.748	135	526.734	526.579	12.7553	0.407012
20	649.748	135	525.609	525.447	13.0351	0.401042
20	650.748	135	524.439	524.269	13.3443	0.395189
20	651.748	135	523.236	523.057	13.6805	0.389453
20	652.748	135	522.008	521.819	14.0536	0.383837
20	653.748	135	520.754	520.552	14.4802	0.378343
20	654.748	135	519.453	519.237	14.974	0.372975
20	655.748	135	518.078	517.844	15.5376	0.367738
20	656.748	135	516.594	516.341	16.1568	0.362636
20	657.748	135	514.978	514.704	16.8001	0.357678
20	658.748	135	513.222	512.926	17.4244	0.352871
20	659.748	135	511.341	511.025	17.9855	0.348225
20	660.748	135	509.379	509.044	18.4535	0.343754
20	661.748	135	507.388	507.038	18.8247	0.339471
20	662.748	135	505.416	505.054	19.1243	0.335394
20	663.748	135	503.489	503.115	19.3967	0.331542
20	664.748	135	501.603	501.216	19.6895	0.327941
20	665.748	135	499.73	499.328	20.0377	0.324617
20	666.748	135	497.832	497.411	20.4551	0.321605
20	667.748	135	495.868	495.426	20.9317	0.318942
20	668.748	135	493.813	493.347	21.4394	0.316674
20	669.748	135	491.666	491.176	21.9439	0.314854
20	670.748	135	489.45	488.936	22.4204	0.313544
20	671.748	135	487.197	486.66	22.8668	0.312816
20	672.748	135	484.938	484.377	23.306	0.312754
20	673.748	135	482.676	482.09	23.776	0.313458
20	674.748	135	480.388	479.772	24.3128	0.315043
20	675.748	135	478.025	477.374	24.9339	0.317641
20	676.748	135	475.53	474.839	25.6287	0.321411
20	677.748	135	472.849	472.114	26.3563	0.326532
20	678.748	135	469.953	469.174	27.0535	0.333217
20	679.748	135	466.846	466.026	27.6511	0.341711
20	680.748	135	463.563	462.711	28.096	0.3523
20	681.748	135	460.158	459.282	28.3686	0.365315
20	682.748	135	456.67	455.78	28.4856	0.38114
20	683.748	135	453.101	452.205	28.4828	0.400219
20	684.748	135	449.405	448.508	28.3887	0.423065
20	685.748	135	445.498	444.605	28.1988	0.450271
20	686.748	135	441.275	440.394	27.8601	0.482516
20	687.748	135	436.637	435.785	27.2699	0.520579
20	688.748	135	431.522	430.72	26.2889	0.565348
20	689.748	135	425.916	425.195	24.7719	0.617826
20	690.748	135	419.859	419.25	22.6072	0.679135
20	691.748	135	413.411	412.938	19.7519	0.750519
20	692.748	135	406.598	406.273	16.2449	0.833325
20	693.748	135	399.374	399.187	12.1903	0.92898
20	694.748	135	391.593	391.516	7.72669	1.03894
20	695.748	135	383.027	383.013	2.99981	1.16462
20	696.748	135	373.399	373.392	-1.85258	1.30726
20	697.748	135	362.442	362.377	-6.70475	1.46785
20	698.748	135	349.962	349.771	-11.4412	1.6469
20	699.748	135	335.898	335.514	-15.9553	1.84436
20	700.748	135	320.368	319.727	-20.1522	2.05951
20	701.748	135	303.661	302.706	-23.9562	2.29097
20	702.748	135	286.19	284.872	-27.3178	2.53679
20	703.748	135	268.409	266.688	-30.2166	2.79461
20	704.748	135	250.743	248.588	-32.6586	3.06187
20	705.748	135	233.543	230.931	-34.6694	3.336
20	706.748	135	217.067	213.982	-36.287	3.61451
20	707.748	135	201.482	197.913	-37.555	3.89513
20	708.748	135	186.881	182.82	-38.5177	4.17581
20	709.748	135	173.296	168.741	-39.2173	4.45475
20	710.748	135	160.721	155.671	-39.6919	4.73041
20	711.748	135	149.121	143.576	-39.9752	5.00148
20	712.748	135	138.448	132.41	-40.0965	5.26686
20	713.748	135	128.643	122.115	-40.0806	5.52566
20	714.748	135	119.644	112.63	-39.9488	5.77714
20	715.748	135	111.391	103.895	-39.7193	6.02072
20	716.748	135	103.823	95.8501	-39.4073	6.25594
20	717.748	135	96.886	88.4413	-39.0258	6.48246
20	718.748	135	90.5264	81.6166	-38.5859	6.70005
20	719.748	135	84.6963	75.3283	-38.0971	6.90855
20	720.748	135	79.3512	69.5326	-37.5675	7.10789
20	721.748	135	74.4502	64.1893	-37.0042	7.29806
20	722.748	135	69.9557	59.2618	-36.413	7.4791
20	723.748	135	65.8334	54.7166	-35.7993	7.65111
20	724.748	135	62.0515	50.523	-35.1675	7.81421
20	725.748	135	58.5811	46.653	-34.5216	7.96857
20	726.748	135	55.3955	43.0812	-33.8649	8.11438
20	727.748	135	52.4702	39.7839	-33.2005	8.25187
20	728.748	135	49.7825	36.7397	-32.5307	8.38127
20	729.748	135	47.3118	33.9289	-31.858	8.50282
20	730.748	135	45.0387	31.3334	-31.1842	8.6168
20	731.748	135	42.9458	28.9366	-30.5109	8.72347
20	732.748	135	41.0168	26.7231	-29.8397	8.8231
20	733.748	135	39.2368	24.6788	-29.1717	8.91598
20	734.748	135	37.5921	22.7907	-28.508	9.00238
20	735.748	135	36.0704	21.047	-27.8496	9.08258
20	736.748	135	34.66	19.4364	-27.1972	9.15687
20	737.748	135	33.3505	17.949	-26.5515	9.2255
20	738.748	135	32.1325	16.5751	-25.913	9.28875
20	739.748	135	30.9973	15.3063	-25.2821	9.34688
20	740.748	135	29.937	14.1345	-24.6593	9.40016
20	741.748	135	28.9446	13.0522	-24.0447	9.44882
20	742.748	135	28.0136	12.0527	-23.4387	9.49312
20	743.748	135	27.1382	11.1296	-22.8415	9.53329
20	744.748	135	26.3133	10.2771	-22.253	9.56956
20	745.748	135	25.5343	9.48992	-21.6735	9.60215
20	746.748	135	24.7968	8.76294	-21.1029	9.63127
20	747.748	135	24.0972	8.09162	-20.5412	9.65714
20	748.748	135	23.4322	7.47172	-19.9885	9.67994
20	749.748	135	22.7987	6.8993	-19.4446	9.69987
20	750.748	135	22.1941	6.37074	-18.9095	9.71711
20	751.748	135	21.6161	5.8827	-18.3831	9.73184
20	752.748	135	21.0625	5.43209	-17.8653	9.74422
20	753.748	135	20.5314	5.01603	-17.356	9.75442
20	754.748	135	20.0212	4.6319	-16.8549	9.76259
20	755.748	135	19.5305	4.27725	-16.362	9.76887
20	756.748	135	19.0579	3.94984	-15.8771	9.77342
20	757.748	135	18.6022	3.64758	-15.4	9.77635
20	758.748	135	18.1625	3.36855	-14.9306	9.77781
20	759.748	135	17.7377	3.11097	-14.4686	9.77791
20	760.748	135	17.3272	2.87322	-14.014	9.77677
20	761.748	135	16.9302	2.65377	-13.5664	9.7745
20	762.748	135	16.546	2.45123	-13.1257	9.77121
20	763.748	135	16.1741	2.26431	-12.6918	9.767
20	764.748	135	15.8141	2.09182	-12.2643	9.76196
20	765.748	135	15.4655	1.93266	-11.8432	9.75619
20	766.748	135	15.1278	1.78581	-11.4282	9.74978
20	767.748	135	14.8009	1.65035	-11.0192	9.7428
20	768.748	135	14.4844	1.52541	-10.6158	9.73533
20	769.748	135	14.1781	1.41019	-10.218	9.72746
20	770.748	135	13.8818	1.30395	-9.82554	9.71924
20	771.748	135	13.5953	1.20603	-9.43821	9.71076
20	772.748	135	13.3185	1.11579	-9.05582	9.70206
20	773.748	135	13.0513	1.03267	-8.67818	9.69321
20	774.748	135	12.7935	0.956123	-8.3051	9.68428
20	775.748	135	12.5452	0.885673	-7.93639	9.6753
20	776.748	135	12.3063	0.820867	-7.57185	9.66634
20	777.748	135	12.0768	0.761291	-7.21131	9.65744
20	778.748	135	11.8567	0.706568	-6.85456	9.64865
20	779.748	135	11.646	0.656346	-6.50143	9.64
20	780.748	135	11.4448	0.610307	-6.15173	9.63154
20	781.748	135	11.2531	0.568157	-5.80528	9.62331
20	782.748	135	11.071	0.529628	-5.46188	9.61534
20	783.748	135	10.8986	0.494473	-5.12138	9.60767
20	784.748	135	10.736	0.462468	-4.78357	9.60032
20	785.748	135	10.5833	0.433411	-4.44829	9.59332
20	786.748	135	10.4406	0.407114	-4.11536	9.58671
20	787.748	135	10.3081	0.383412	-3.78459	9.58049
20	788.748	135	10.1857	0.362152	-3.45582	9.57471
20	789.748	135	10.0737	0.3432	-3.12888	9.56937
20	790.748	135	9.97227	0.326434	-2.80358	9.56449
20	791.748	135	9.88139	0.311748	-2.47976	9.5601
20	792.748	135	9.80123	0.299048	-2.15724	9.5562
20	793.748	135	9.73189	0.288253	-1.83586	9.55281
20	794.748	135	9.67347	0.279294	-1.51544	9.54994
20	795.748	135	9.62605	0.272114	-1.19581	9.5476
20	796.748	135	9.58969	0.266668	-0.876818	9.5458
20	797.748	135	9.56447	0.26292	-0.558283	9.54454
20	798.748	135	9.55271	0.260846	-0.318815	9.54383
